6245.819  21.25864
6247.089  21.38021
6248.360  21.35392
6249.630  21.31503
6250.900  21.1903
6252.171  21.21766
6253.441  21.11578
6254.711  20.78326
6255.982  20.63058
6257.252  20.5853
6258.522  20.63841
6259.793  20.8902
6261.063  21.06691
6262.333  21.08473
6263.604  20.9795
6264.874  21.01865
6266.145  21.06679
6267.415  21.13145
6268.685  21.2023
6269.956  21.23613
6271.226  21.35614
6272.496  21.25052
6273.767  21.32115
6275.037  21.24879
6276.307  21.10581
6277.578  21.12888
6278.848  21.19475
6280.118  21.21067
6281.389  21.28846
6282.659  21.3375
6283.930  21.07777
6285.200  20.70335
6286.470  20.75224
6287.741  20.77974
6289.011  20.89404
6290.281  21.0694
6291.552  21.14799
6292.822  20.98074
6294.092  20.66068
6295.363  20.21398
6296.633  19.69722
6297.903  19.30018
6299.174  19.20704
6300.444  19.31448
6301.714  19.58241
6302.985  20.16706
6304.255  20.57662
6305.526  20.57384
6306.796  20.56257
6308.066  20.77635
6309.337  21.13939
6310.607  21.26034
6311.877  21.22805
6313.148  21.24391
6314.418  21.33104
6315.688  21.42522
6316.959  21.31157
6318.229  21.1699
6319.499  21.09985
6320.770  21.07733
6322.040  21.0286
6323.311  21.15162
6324.581  21.1879
6325.851  20.99535
6327.122  20.79018
6328.392  20.68884
6329.662  20.68389
6330.933  20.77244
6332.203  21.15899
6333.473  21.25811
6334.744  21.34505
6336.014  21.42153
6337.284  21.33858
6338.555  21.29141
6339.825  21.44293
6341.096  21.28547
6342.366  21.31019
6343.636  21.38585
6344.907  21.21428
6346.177  21.09577
6347.447  21.09651
6348.718  21.06585
6349.988  21.17543
6351.258  21.1201
6352.529  21.11491
6353.799  20.95615
6355.069  20.86868
6356.340  20.84251
6357.610  20.76645
6358.881  20.67107
6360.151  20.46766
6361.421  20.18466
6362.692  20.08851
6363.962  20.14071
6365.232  20.42964
6366.503  20.88868
6367.773  21.27466
6369.043  21.4332
6370.314  21.39802
6371.584  21.37721
6372.854  21.38815
6374.125  21.38271
6375.395  21.34055
6376.665  21.29888
6377.936  21.27964
6379.206  21.25806
6380.477  21.20728
6381.747  21.31271
6383.017  21.26966
6384.288  21.18473
6385.558  21.12711
6386.828  21.13028
6388.099  21.21665
6389.369  21.36679
6390.639  21.38305
6391.910  21.57292
6393.180  21.53148
6394.450  21.42947
6395.721  21.54419
6396.991  21.44759
6398.262  21.40965
6399.532  21.3594
6400.802  21.46142
6402.073  21.52743
6403.343  21.45157
6404.613  21.45269
6405.884  21.51236
6407.154  21.49101
6408.424  21.42133
6409.695  21.46086
6410.965  21.32373
6412.235  21.41912
6413.506  21.37427
6414.776  21.39589
6416.047  21.3784
6417.317  21.26713
6418.587  21.43711
6419.858  21.29757
6421.128  21.33652
6422.398  21.46818
6423.669  21.43287
6424.939  21.51007
6426.209  21.45935
6427.480  21.46411
6428.750  21.47934
6430.020  21.4253
6431.291  21.5358
6432.561  21.55358
6433.831  21.51015
6435.102  21.54106
6436.372  21.50636
6437.643  21.5077
6438.913  21.46477
6440.183  21.47107
6441.454  21.43468
6442.724  21.50877
6443.994  21.53478
6445.265  21.51295
6446.535  21.53911
6447.805  21.49332
6449.076  21.38432
6450.346  21.31806
6451.616  21.35428
6452.887  21.45697
6454.157  21.41012
6455.428  21.3637
6456.698  21.36613
6457.968  21.31426
6459.239  21.23523
6460.509  21.15344
6461.779  21.0384
6463.050  20.90021
6464.320  20.7769
6465.590  20.84308
6466.861  20.8839
6468.131  20.85095
6469.401  20.88123
6470.672  20.95704
6471.942  21.06663
6473.213  21.22356
6474.483  21.34674
6475.753  21.36043
6477.024  21.4525
6478.294  21.3624
6479.564  21.45829
6480.835  21.42824
6482.105  21.52433
6483.375  21.51413
6484.646  21.59439
6485.916  21.56278
6487.186  21.58768
6488.457  21.61226
6489.727  21.67188
6490.997  21.58334
6492.268  21.4936
6493.538  21.35136
6494.809  21.01348
6496.079  20.78621
6497.349  20.69747
6498.620  20.62578
6499.890  20.73504
6501.160  20.95418
6502.431  21.08063
6503.701  21.07333
6504.971  21.11221
6506.242  21.27181
6507.512  21.41467
6508.782  21.37973
6510.053  21.45121
6511.323  21.45523
6512.594  21.40577
6513.864  21.42012
6515.134  21.45718
6516.405  21.46977
6517.675  21.48622
6518.945  21.37105
6520.216  21.22887
6521.486  21.24768
6522.756  21.28923
6524.027  21.33485
6525.297  21.36653
6526.567  21.41041
6527.838  21.31116
6529.108  21.17058
6530.379  20.9454
6531.649  20.79181
6532.919  20.80957
6534.190  20.96165
6535.460  21.19102
6536.730  21.39052
6538.001  21.31949
6539.271  21.34659
6540.541  21.24392
6541.812  21.07734
6543.082  21.07215
6544.352  21.12927
6545.623  21.28678
6546.893  21.29865
6548.164  21.28542
6549.434  21.14216
6550.704  20.83414
6551.975  20.67785
6553.245  20.62562
6554.515  20.77779
6555.786  21.03481
6557.056  21.33537
6558.326  21.34994
6559.597  21.1833
6560.867  21.06081
6562.137  21.03537
6563.408  21.08283
6564.678  21.14917
6565.948  21.18686
6567.219  21.12019
6568.489  21.15394
6569.760  21.21934
6571.030  21.27718
6572.300  21.33244
6573.571  21.13165
6574.841  20.85643
6576.111  20.73197
6577.382  20.78638
6578.652  20.90191
6579.922  21.15018
6581.193  21.34243
6582.463  21.41904
6583.733  21.48639
6585.004  21.44976
6586.274  21.4472
6587.545  21.53912
6588.815  21.52388
6590.085  21.48408
6591.356  21.54399
6592.626  21.39596
6593.896  21.23587
6595.167  21.27104
6596.437  21.25105
6597.707  21.25491
6598.978  21.32197
6600.248  21.3038
6601.518  21.1137
6602.789  21.03234
6604.059  21.05151
6605.330  21.15437
6606.600  21.3099
6607.870  21.45839
6609.141  21.52325
6610.411  21.50127
6611.681  21.57197
6612.952  21.57211
6614.222  21.62498
6615.492  21.57943
6616.763  21.54151
6618.033  21.52552
6619.303  21.56996
6620.574  21.5661
6621.844  21.44762
6623.114  21.50024
6624.385  21.40748
6625.655  21.39781
6626.926  21.37349
6628.196  21.31957
6629.466  21.43125
6630.737  21.37422
6632.007  21.28774
6633.277  21.22855
6634.548  21.2932
6635.818  21.37107
6637.088  21.4681
6638.359  21.5461
6639.629  21.4226
6640.899  21.48045
6642.170  21.54544
6643.440  21.51819
6644.711  21.57585
6645.981  21.57852
6647.251  21.55844
6648.522  21.52254
6649.792  21.53633
6651.062  21.56524
6652.333  21.58399
6653.603  21.52272
6654.873  21.55694
6656.144  21.47431
6657.414  21.44991
6658.684  21.48785
6659.955  21.47787
6661.225  21.4949
6662.496  21.40416
6663.766  21.37931
6665.036  21.40812
6666.307  21.40161
6667.577  21.43062
6668.847  21.45018
6670.118  21.47
6671.388  21.47942
6672.658  21.54756
6673.929  21.49545
6675.199  21.50899
6676.469  21.56906
6677.740  21.54344
6679.010  21.51476
6680.280  21.48352
6681.551  21.51004
6682.821  21.52574
6684.092  21.46389
6685.362  21.46433
6686.632  21.51414
6687.903  21.4943
6689.173  21.57307
6690.443  21.60439
6691.714  21.5765
6692.984  21.52592
6694.254  21.48447
6695.525  21.48321
6696.795  21.47882
6698.065  21.45136
6699.336  21.42508
6700.606  21.41216
6701.877  21.41432
6703.147  21.46912
6704.417  21.43665
6705.688  21.40743
6706.958  21.47394
6708.228  21.51577
6709.499  21.47661
6710.769  21.45694
6712.039  21.45771
6713.310  21.42906
6714.580  21.40158
6715.850  21.40977
6717.121  21.44613
6718.391  21.48937
6719.662  21.52513
6720.932  21.49761
6722.202  21.49464
6723.473  21.47298
6724.743  21.45767
6726.013  21.54123
6727.284  21.47551
6728.554  21.48271
6729.824  21.43333
6731.095  21.40062
6732.365  21.52027
6733.635  21.49444
6734.906  21.54529
6736.176  21.54226
6737.447  21.5358
6738.717  21.48468
6739.987  21.47307
6741.258  21.44056
6742.528  21.34241
6743.798  21.39632
6745.069  21.41405
6746.339  21.4127
6747.609  21.45172
6748.880  21.56932
6750.150  21.51379
6751.420  21.48919
6752.691  21.48793
6753.961  21.51967
6755.231  21.55457
6756.502  21.56703
6757.772  21.60134
6759.043  21.54564
6760.313  21.5895
6761.583  21.46328
6762.854  21.48391
6764.124  21.47476
6765.394  21.51441
6766.665  21.49942
6767.935  21.54664
6769.205  21.48351
6770.476  21.47423
6771.746  21.58716
6773.016  21.57322
6774.287  21.60232
6775.557  21.52103
6776.828  21.50562
6778.098  21.52989
6779.368  21.51893
6780.639  21.52825
6781.909  21.49234
6783.179  21.51917
6784.450  21.48753
6785.720  21.42567
6786.990  21.45117
6788.261  21.43966
6789.531  21.41861
6790.801  21.48735
6792.072  21.53804
6793.342  21.55815
6794.613  21.62384
6795.883  21.52499
6797.153  21.51417
6798.424  21.53823
6799.694  21.50632
6800.964  21.49502
6802.235  21.55703
6803.505  21.5712
6804.775  21.57171
6806.046  21.56459
6807.316  21.51163
6808.586  21.51689
6809.857  21.54424
6811.127  21.51247
6812.397  21.5531
6813.668  21.59684
6814.938  21.59505
6816.209  21.48995
6817.479  21.50468
6818.749  21.59505
6820.020  21.52645
6821.290  21.47587
6822.560  21.36509
6823.831  21.0174
6825.101  20.59568
6826.371  20.20968
6827.642  20.00009
6828.912  19.94974
6830.182  19.9633
6831.453  19.98701
6832.723  20.05067
6833.994  20.15999
6835.264  20.36345
6836.534  20.71915
6837.805  20.9889
6839.075  21.00286
6840.345  20.97251
6841.616  21.01592
6842.886  21.12606
6844.156  21.23153
6845.427  21.35738
6846.697  21.40345
6847.967  21.45458
6849.238  21.38416
6850.508  21.41503
6851.779  21.42569
6853.049  21.42545
6854.319  21.46474
6855.590  21.45164
6856.860  21.42076
6858.130  21.1778
6859.401  20.70553
6860.671  20.1983
6861.941  19.86298
6863.212  19.76958
6864.482  19.89628
6865.752  20.30197
6867.023  20.82655
6868.293  21.15528
6869.563  21.20495
6870.834  21.27301
6872.104  21.34785
6873.375  21.44709
6874.645  21.52608
6875.915  21.56826
6877.186  21.44213
6878.456  21.20576
6879.726  21.06758
6880.997  21.07041
6882.267  21.18549
6883.537  21.31006
6884.808  21.27193
6886.078  21.02699
6887.348  20.92329
6888.619  20.86113
6889.889  20.94028
6891.160  21.13306
6892.430  21.29373
6893.700  21.43841
6894.971  21.41608
6896.241  21.33736
6897.511  21.1222
6898.782  20.91485
6900.052  20.85545
6901.322  20.94982
6902.593  21.11644
6903.863  21.3576
6905.133  21.39379
6906.404  21.45855
6907.674  21.34431
6908.945  21.00603
6910.215  20.74359
6911.485  20.61406
6912.756  20.64059
6914.026  20.81047
6915.296  21.13501
6916.567  21.33115
6917.837  21.19585
6919.107  20.88002
6920.378  20.45283
6921.648  20.19529
6922.918  20.17092
6924.189  20.33704
6925.459  20.71107
6926.730  21.18396
6928.000  21.39345
6929.270  21.46092
6930.541  21.51776
6931.811  21.46991
6933.081  21.47845
6934.352  21.39683
6935.622  21.09795
6936.892  20.76538
6938.163  20.64437
6939.433  20.63837
6940.703  20.76152
6941.974  21.02759
6943.244  21.15803
6944.514  20.94578
6945.785  20.48819
6947.055  20.15715
6948.326  20.05313
6949.596  20.14084
6950.866  20.44621
6952.137  20.91355
6953.407  21.25117
6954.677  21.31849
6955.948  21.30432
6957.218  21.33144
6958.488  21.39889
6959.759  21.43223
6961.029  21.44232
6962.299  21.3992
6963.570  21.40568
6964.840  21.34016
6966.111  21.10441
6967.381  20.89484
6968.651  20.7973
6969.922  20.81388
6971.192  20.90311
6972.462  21.05787
6973.733  21.03096
6975.003  20.71357
6976.273  20.45848
6977.544  20.33826
6978.814  20.37185
6980.084  20.64075
6981.355  21.04894
6982.625  21.34053
6983.896  21.38165
6985.166  21.33914
6986.436  21.35414
6987.707  21.43137
6988.977  21.43476
6990.247  21.43109
6991.518  21.37045
6992.788  21.41337
6994.058  21.42248
6995.329  21.4019
6996.599  21.3696
6997.869  21.30339
6999.140  21.24549
7000.410  21.1328
7001.680  21.07436
7002.951  20.98616
7004.221  21.02045
7005.492  21.12499
7006.762  21.21574
7008.032  20.97058
7009.303  20.79506
7010.573  20.77048
7011.843  20.81936
7013.114  20.98457
7014.384  21.24908
7015.654  21.50854
7016.925  21.50999
7018.195  21.48976
7019.465  21.48269
7020.736  21.51576
7022.006  21.54154
7023.277  21.52284
7024.547  21.51042
7025.817  21.46986
7027.088  21.45799
7028.358  21.37248
7029.628  21.41157
7030.899  21.46952
7032.169  21.44344
7033.439  21.44844
7034.710  21.49602
7035.980  21.44573
7037.250  21.39766
7038.521  21.28357
7039.791  21.21298
7041.062  21.13606
7042.332  21.1151
7043.602  21.0699
7044.873  20.97151
7046.143  20.8046
7047.413  20.72722
7048.684  20.74773
7049.954  20.91032
7051.224  21.08938
7052.495  21.19592
7053.765  21.2271
7055.035  21.31611
7056.306  21.40668
7057.576  21.36461
7058.846  21.37423
7060.117  21.32829
7061.387  21.2986
7062.658  21.2325
7063.928  21.16644
7065.198  21.20886
7066.469  21.15189
7067.739  21.19041
7069.009  21.16607
7070.280  21.15945
7071.550  21.21083
7072.820  21.23744
7074.091  21.21584
7075.361  21.26765
7076.631  21.23958
7077.902  21.20768
7079.172  21.23839
7080.443  21.16775
7081.713  21.16654
7082.983  21.1413
7084.254  21.1321
7085.524  21.10907
7086.794  21.06839
7088.065  21.03652
7089.335  21.04427
7090.605  21.17566
7091.876  21.32173
7093.146  21.30902
7094.416  21.33968
7095.687  21.42183
7096.957  21.36508
7098.228  21.35917
7099.498  21.42245
7100.768  21.47814
7102.039  21.38379
7103.309  21.40289
7104.579  21.39199
7105.850  21.36728
7107.120  21.39881
7108.390  21.41051
7109.661  21.37839
7110.931  21.40101
7112.201  21.40024
7113.472  21.39729
7114.742  21.34832
7116.013  21.36137
7117.283  21.36051
7118.553  21.39642
7119.824  21.44435
7121.094  21.42083
7122.364  21.38638
7123.635  21.33826
7124.905  21.31091
7126.175  21.26812
7127.446  21.23441
7128.716  21.2894
7129.986  21.29126
7131.257  21.23013
7132.527  21.24106
7133.797  21.22894
7135.068  21.28544
7136.338  21.35565
7137.609  21.40215
7138.879  21.26513
7140.149  21.14909
7141.420  21.04298
7142.690  20.97909
7143.960  20.98588
7145.231  21.07848
7146.501  21.12098
7147.771  21.16483
7149.042  21.20821
7150.312  21.27998
7151.582  21.32959
7152.853  21.33779
7154.123  21.30502
7155.394  21.30339
7156.664  21.29678
7157.934  21.26145
7159.205  21.24932
7160.475  21.191
7161.745  21.17386
7163.016  21.25489
7164.286  21.27843
7165.556  21.27867
7166.827  21.30767
7168.097  21.28222
7169.367  21.30939
7170.638  21.32681
7171.908  21.24303
7173.179  21.2612
7174.449  21.2934
7175.719  21.22869
7176.990  21.29304
7178.260  21.29744
7179.530  21.26329
7180.801  21.34375
7182.071  21.40663
7183.341  21.41694
7184.612  21.49809
7185.882  21.54507
7187.152  21.59995
7188.423  21.52077
7189.693  21.45399
7190.963  21.54572
7192.234  21.51408
7193.504  21.52025
7194.775  21.55339
7196.045  21.46441
7197.315  21.45524
7198.586  21.45421
7199.856  21.51133
7201.126  21.60204
7202.397  21.49825
7203.667  21.49124
7204.937  21.54901
7206.208  21.54272
7207.478  21.44359
7208.748  21.44227
7210.019  21.46854
7211.289  21.41913
7212.560  21.47333
7213.830  21.54591
7215.100  21.47374
7216.371  21.44122
7217.641  21.43325
7218.911  21.32174
7220.182  21.31321
7221.452  21.29592
7222.722  21.22794
7223.993  21.22719
7225.263  21.27151
7226.533  21.29266
7227.804  21.30341
7229.074  21.23302
7230.345  21.18845
7231.615  21.24042
7232.885  21.13493
7234.156  20.76926
7235.426  20.20225
7236.696  19.65094
7237.967  19.28099
7239.237  19.0881
7240.507  19.02591
7241.778  19.02686
7243.048  19.05677
7244.318  19.14337
7245.589  19.315
7246.859  19.64811
7248.129  20.14465
7249.400  20.50895
7250.670  20.53012
7251.941  20.42254
7253.211  20.38723
7254.481  20.47165
7255.752  20.69906
7257.022  20.95157
7258.292  21.11673
7259.563  21.23674
7260.833  21.2457
7262.103  21.22657
7263.374  21.19176
7264.644  21.1314
7265.914  21.06934
7267.185  20.98963
7268.455  20.90624
7269.726  20.80532
7270.996  20.42248
7272.266  19.80504
7273.537  19.28104
7274.807  19.00255
7276.077  18.9743
7277.348  19.18842
7278.618  19.62042
7279.888  20.01159
7281.159  20.01687
7282.429  19.82067
7283.699  19.74481
7284.970  19.84703
7286.240  20.14682
7287.511  20.60725
7288.781  20.96238
7290.051  21.04067
7291.322  20.93112
7292.592  20.76033
7293.862  20.58488
7295.133  20.52094
7296.403  20.60824
7297.673  20.79427
7298.944  20.80719
7300.214  20.60328
7301.484  20.31256
7302.755  20.16793
7304.025  20.21899
7305.296  20.41352
7306.566  20.74386
7307.836  20.9624
7309.107  21.00105
7310.377  20.77454
7311.647  20.26001
7312.918  19.70836
7314.188  19.31452
7315.458  19.1763
7316.729  19.27866
7317.999  19.62102
7319.269  20.26313
7320.540  20.8775
7321.810  21.12663
7323.080  21.15424
7324.351  20.82393
7325.621  20.35572
7326.892  19.9692
7328.162  19.78543
7329.432  19.83239
7330.703  20.10358
7331.973  20.5579
7333.243  20.99268
7334.514  20.9707
7335.784  20.43499
7337.054  19.75859
7338.325  19.23489
7339.595  18.99043
7340.865  18.99957
7342.136  19.24018
7343.406  19.78039
7344.677  20.48483
7345.947  20.92129
7347.217  21.1105
7348.488  21.06944
7349.758  21.02079
7351.028  21.04616
7352.299  20.98969
7353.569  20.76403
7354.839  20.39415
7356.110  20.02982
7357.380  19.84723
7358.650  19.86092
7359.921  20.07409
7361.191  20.48209
7362.462  20.79706
7363.732  20.63544
7365.002  20.14491
7366.273  19.62259
7367.543  19.28177
7368.813  19.18728
7370.084  19.33751
7371.354  19.74298
7372.624  20.31885
7373.895  20.82102
7375.165  21.08683
7376.435  21.15327
7377.706  21.13192
7378.976  21.2038
7380.246  21.34018
7381.517  21.27067
7382.787  21.29782
7384.058  21.28918
7385.328  21.20194
7386.598  21.04609
7387.869  20.71012
7389.139  20.35362
7390.409  20.11446
7391.680  20.05487
7392.950  20.18886
7394.220  20.4883
7395.491  20.78488
7396.761  20.67339
7398.031  20.19012
7399.302  19.74158
7400.572  19.51206
7401.843  19.52988
7403.113  19.78081
7404.383  20.26367
7405.654  20.8479
7406.924  21.15759
7408.194  21.24651
7409.465  21.21247
7410.735  21.19571
7412.005  21.1314
7413.276  21.11658
7414.546  21.21554
7415.816  21.19374
7417.087  21.24706
7418.357  21.32039
7419.628  21.25603
7420.898  21.23718
7422.168  21.23278
7423.439  21.18835
7424.709  21.09592
7425.979  20.8698
7427.250  20.60655
7428.520  20.43826
7429.790  20.47873
7431.061  20.62758
7432.331  20.75666
7433.601  20.77257
7434.872  20.49051
7436.142  20.16427
7437.412  20.00015
7438.683  20.04194
7439.953  20.28953
7441.224  20.69307
7442.494  21.09176
7443.764  21.34118
7445.035  21.36188
7446.305  21.2794
7447.575  21.37891
7448.846  21.4011
7450.116  21.29857
7451.386  21.31611
7452.657  21.27378
7453.927  21.26536
7455.197  21.3088
7456.468  21.26519
7457.738  21.14805
7459.009  21.01378
7460.279  20.93764
7461.549  20.80163
7462.820  20.64757
7464.090  20.62067
7465.360  20.60551
7466.631  20.53125
7467.901  20.41886
7469.171  20.30813
7470.442  20.18323
7471.712  20.11297
7472.982  20.168
7474.253  20.2799
7475.523  20.34091
7476.794  20.2779
7478.064  20.13995
7479.334  20.02082
7480.605  19.99448
7481.875  20.07981
7483.145  20.2445
7484.416  20.42844
7485.686  20.67965
7486.956  20.96724
7488.227  21.06828
7489.497  21.08219
7490.767  21.0512
7492.038  20.90149
7493.308  20.88918
7494.579  20.97363
7495.849  21.05056
7497.119  21.15809
7498.390  21.27683
7499.660  21.30304
7500.930  21.27322
7502.201  21.29988
7503.471  21.29884
7504.741  21.26796
7506.012  21.31506
7507.282  21.26708
7508.552  21.27851
7509.823  21.29263
7511.093  21.24682
7512.363  21.2247
7513.634  21.11951
7514.904  20.98891
7516.175  20.83288
7517.445  20.72863
7518.715  20.53034
7519.986  20.10105
7521.256  19.73508
7522.526  19.51936
7523.797  19.49936
7525.067  19.67881
7526.337  19.97547
7527.608  20.29028
7528.878  20.42796
7530.148  20.43858
7531.419  20.54835
7532.689  20.75595
7533.960  21.02562
7535.230  21.14299
7536.500  21.13502
7537.771  20.97704
7539.041  20.94422
7540.311  20.99733
7541.582  21.04308
7542.852  21.03326
7544.122  21.16895
7545.393  21.33865
7546.663  21.27853
7547.933  21.2165
7549.204  21.20517
7550.474  21.19548
7551.745  21.11906
7553.015  20.99401
7554.285  20.82139
7555.556  20.69423
7556.826  20.59655
7558.096  20.68189
7559.367  20.81006
7560.637  20.99671
7561.907  21.07309
7563.178  21.09076
7564.448  21.01989
7565.718  20.8377
7566.989  20.59338
7568.259  20.21759
7569.529  19.90728
7570.800  19.7679
7572.070  19.82681
7573.341  20.06712
7574.611  20.44225
7575.881  20.8579
7577.152  21.10612
7578.422  21.29992
7579.692  21.31739
7580.963  21.04206
7582.233  20.84221
7583.503  20.6465
7584.774  20.51808
7586.044  20.54156
7587.314  20.62192
7588.585  20.83055
7589.855  21.13684
7591.126  21.36953
7592.396  21.45279
7593.666  21.25853
7594.937  21.01047
7596.207  20.70641
7597.477  20.62588
7598.748  20.71812
7600.018  20.96618
7601.288  21.31921
7602.559  21.69335
7603.829  21.91959
7605.099  21.9259
7606.370  21.88797
7607.640  21.7816
7608.911  21.5734
7610.181  21.61689
7611.451  21.48749
7612.722  21.32154
7613.992  21.14719
7615.262  20.87344
7616.533  20.64484
7617.803  20.62049
7619.073  20.61313
7620.344  20.82025
7621.614  21.01557
7622.884  20.98602
7624.155  20.877
7625.425  20.71717
7626.695  20.53002
7627.966  20.42937
7629.236  20.54904
7630.507  20.80697
7631.777  21.17244
7633.047  21.42544
7634.318  21.51589
7635.588  21.45801
7636.858  21.43365
7638.129  21.45217
7639.399  21.42507
7640.669  21.42203
7641.940  21.37187
7643.210  21.4386
7644.480  21.38086
7645.751  21.39358
7647.021  21.32106
7648.292  21.2771
7649.562  21.12578
7650.832  20.91676
7652.103  20.88482
7653.373  20.90238
7654.643  21.01914
7655.914  21.06195
7657.184  21.09234
7658.454  20.90208
7659.725  20.6417
7660.995  20.4653
7662.265  20.51146
7663.536  20.63419
7664.806  20.9029
7666.077  21.20854
7667.347  21.26817
7668.617  21.30364
7669.888  21.33252
7671.158  21.32614
7672.428  21.33118
7673.699  21.28051
7674.969  21.21025
7676.239  21.20919
7677.510  21.30246
7678.780  21.20192
7680.050  21.10524
7681.321  21.134
7682.591  21.01377
7683.862  20.93881
7685.132  20.94672
7686.402  20.78163
7687.673  20.79132
7688.943  20.81572
7690.213  20.76402
7691.484  20.7715
7692.754  20.84483
7694.024  20.81775
7695.295  20.82248
7696.565  20.74517
7697.835  20.59823
7699.106  20.56697
7700.376  20.69749
7701.646  20.84398
7702.917  20.92626
7704.187  21.0263
7705.458  21.03638
7706.728  20.60744
7707.998  19.96355
7709.269  19.37136
7710.539  18.9228
7711.809  18.65062
7713.080  18.50842
7714.350  18.45997
7715.620  18.50677
7716.891  18.68406
7718.161  18.99651
7719.431  19.41646
7720.702  19.79142
7721.972  19.85223
7723.243  19.84363
7724.513  19.81286
7725.783  19.87298
7727.054  20.11927
7728.324  20.42868
7729.594  20.70445
7730.865  20.80592
7732.135  20.7309
7733.405  20.64287
7734.676  20.61243
7735.946  20.63104
7737.216  20.76228
7738.487  20.84052
7739.757  20.88888
7741.028  20.9163
7742.298  20.90924
7743.568  20.74374
7744.839  20.24315
7746.109  19.54961
7747.379  18.97607
7748.650  18.61576
7749.920  18.51264
7751.190  18.66146
7752.461  19.06084
7753.731  19.64013
7755.001  20.00177
7756.272  19.89565
7757.542  19.63713
7758.812  19.48614
7760.083  19.54782
7761.353  19.80591
7762.624  20.17994
7763.894  20.72459
7765.164  21.0846
7766.435  21.0081
7767.705  20.88234
7768.975  20.59698
7770.246  20.31025
7771.516  20.12467
7772.786  20.08008
7774.057  20.16867
7775.327  20.25069
7776.597  20.18527
7777.868  19.99381
7779.138  19.84052
7780.409  19.84858
7781.679  20.00319
7782.949  20.30989
7784.220  20.66352
7785.490  20.79575
7786.760  20.62255
7788.031  20.34804
7789.301  19.83133
7790.571  19.30718
7791.842  18.96036
7793.112  18.81748
7794.382  18.9188
7795.653  19.26605
7796.923  19.84616
7798.194  20.52812
7799.464  20.95079
7800.734  20.96872
7802.005  20.93909
7803.275  20.58733
7804.545  20.13347
7805.816  19.75621
7807.086  19.53005
7808.356  19.53068
7809.627  19.73629
7810.897  20.06379
7812.167  20.4619
7813.438  20.69368
7814.708  20.58005
7815.978  20.08568
7817.249  19.47769
7818.519  18.95737
7819.790  18.65338
7821.060  18.59969
7822.330  18.79787
7823.601  19.28199
7824.871  19.95069
7826.141  20.51992
7827.412  20.85783
7828.682  20.93663
7829.952  20.97514
7831.223  20.96913
7832.493  20.91687
7833.763  20.91092
7835.034  20.82606
7836.304  20.49444
7837.575  20.08072
7838.845  19.74435
7840.115  19.58501
7841.386  19.64001
7842.656  19.86126
7843.926  20.21944
7845.197  20.45326
7846.467  20.24901
7847.737  19.76849
7849.008  19.20272
7850.278  18.75213
7851.548  18.48531
7852.819  18.43431
7854.089  18.58961
7855.360  18.87146
7856.630  19.16655
7857.900  19.29894
7859.171  19.30416
7860.441  19.39503
7861.711  19.6421
7862.982  19.92587
7864.252  20.08181
7865.522  19.89045
7866.793  19.54084
7868.063  19.30977
7869.333  19.2212
7870.604  19.32725
7871.874  19.61566
7873.145  19.97646
7874.415  20.11762
7875.685  19.95298
7876.956  19.66549
7878.226  19.47761
7879.496  19.43837
7880.767  19.53396
7882.037  19.76297
7883.307  19.96037
7884.578  19.94071
7885.848  19.63003
7887.118  19.28444
7888.389  19.07695
7889.659  19.05807
7890.929  19.24214
7892.200  19.65524
7893.470  20.19226
7894.741  20.54978
7896.011  20.81057
7897.281  20.94327
7898.552  20.95219
7899.822  20.96571
7901.092  20.98344
7902.363  20.96996
7903.633  20.9518
7904.903  20.87439
7906.174  20.69588
7907.444  20.33512
7908.714  19.64533
7909.985  19.01667
7911.255  18.60834
7912.526  18.42921
7913.796  18.49198
7915.066  18.72754
7916.337  19.03383
7917.607  19.19516
7918.877  19.13321
7920.148  19.08419
7921.418  19.2077
7922.688  19.50586
7923.959  19.97844
7925.229  20.37857
7926.499  20.18068
7927.770  19.76442
7929.040  19.4606
7930.311  19.3342
7931.581  19.40278
7932.851  19.69854
7934.122  20.14864
7935.392  20.61768
7936.662  20.94728
7937.933  21.08895
7939.203  21.06971
7940.473  20.86549
7941.744  20.87095
7943.014  20.63058
7944.284  20.36808
7945.555  20.12517
7946.825  19.86673
7948.095  19.77117
7949.366  19.84894
7950.636  20.0731
7951.907  20.43389
7953.177  20.91804
7954.447  21.09327
7955.718  21.19561
7956.988  21.14131
7958.258  20.82821
7959.529  20.173
7960.799  19.52277
7962.069  19.05054
7963.340  18.77307
7964.610  18.77339
7965.880  19.0002
7967.151  19.42363
7968.421  19.95209
7969.692  20.39806
7970.962  20.65234
7972.232  20.6398
7973.503  20.38552
7974.773  19.94761
7976.043  19.55557
7977.314  19.3454
7978.584  19.27631
7979.854  19.4257
7981.125  19.7882
7982.395  20.24269
7983.665  20.68295
7984.936  20.82133
7986.206  20.67654
7987.477  20.30828
7988.747  19.65431
7990.017  19.07615
7991.288  18.71661
7992.558  18.58279
7993.828  18.70193
7995.099  19.05237
7996.369  19.62608
7997.639  20.24957
7998.910  20.64573
8000.180  20.87819
8001.450  20.99231
8002.721  20.91083
8003.991  20.92999
8005.261  21.0091
8006.532  21.04238
8007.802  20.90293
8009.073  20.59186
8010.343  20.20237
8011.613  19.85699
8012.884  19.63207
8014.154  19.65095
8015.424  19.88631
8016.695  20.16803
8017.965  20.4287
8019.235  20.37208
8020.506  19.99106
8021.776  19.5356
8023.046  19.12619
8024.317  18.87342
8025.587  18.85272
8026.858  19.01272
8028.128  19.38221
8029.398  19.90639
8030.669  20.39866
8031.939  20.61567
8033.209  20.71638
8034.480  21.00936
8035.750  21.15799
8037.020  21.12873
8038.291  21.06343
8039.561  21.02409
8040.831  21.02502
8042.102  21.06255
8043.372  21.12469
8044.643  21.19009
8045.913  20.90623
8047.183  20.57823
8048.454  20.2979
8049.724  20.04371
8050.994  19.95446
8052.265  20.02591
8053.535  20.21817
8054.805  20.5169
8056.076  20.68626
8057.346  20.37943
8058.616  19.91011
8059.887  19.55654
8061.157  19.41307
8062.428  19.47431
8063.698  19.75858
8064.968  20.23073
8066.239  20.66109
8067.509  21.08697
8068.779  21.27279
8070.050  21.21108
8071.320  21.15005
8072.590  21.05036
8073.861  21.00569
8075.131  21.05538
8076.401  21.0751
8077.672  21.0845
8078.942  21.07586
8080.212  20.93334
8081.483  20.84024
8082.753  20.88763
8084.024  20.817
8085.294  20.854
8086.564  20.92431
8087.835  20.85007
8089.105  20.76303
8090.375  20.67452
8091.646  20.50574
8092.916  20.41393
8094.186  20.47008
8095.457  20.57967
8096.727  20.71838
8097.997  20.45253
8099.268  20.22385
8100.538  20.07617
8101.809  19.99279
8103.079  20.07091
8104.349  20.28039
8105.620  20.54344
8106.890  20.8993
8108.160  20.95876
8109.431  21.05252
8110.701  21.21006
8111.971  21.38475
8113.242  21.2616
8114.512  21.2175
8115.782  21.12361
8117.053  21.29695
8118.323  21.27173
8119.594  21.20861
8120.864  21.07683
8122.134  21.25993
8123.405  21.1881
8124.675  21.14359
8125.945  21.10477
8127.216  21.03558
8128.486  21.01023
8129.756  21.02237
8131.027  21.09002
8132.297  21.10863
8133.567  21.01151
8134.838  20.78792
8136.108  20.75312
8137.378  20.69951
8138.649  20.57693
8139.919  20.65847
8141.190  20.73675
8142.460  20.70562
8143.730  20.66551
8145.001  20.56453
8146.271  20.59604
8147.541  20.65652
8148.812  20.80742
8150.082  20.98994
8151.352  21.19108
8152.623  21.25466
8153.893  21.33997
8155.163  21.31669
8156.434  21.34481
8157.704  21.30561
8158.975  21.2845
8160.245  21.30238
8161.515  21.29463
8162.786  21.31736
8164.056  21.35626
8165.326  21.29094
8166.597  21.44237
8167.867  21.2553
8169.137  21.26069
8170.408  21.12864
8171.678  21.23489
8172.948  21.21351
8174.219  21.13748
8175.489  21.27336
8176.760  21.27103
8178.030  21.2076
8179.300  21.10812
8180.571  21.13317
8181.841  21.0441
8183.111  20.97588
8184.382  20.92601
8185.652  20.90798
8186.922  20.84897
8188.193  20.81372
8189.463  20.82875
8190.733  20.79194
8192.004  20.77459
8193.274  20.79546
8194.544  20.73422
8195.815  20.84474
8197.085  20.90014
8198.356  20.9598
8199.626  21.04528
8200.896  21.18163
8202.167  21.13836
8203.437  21.008
8204.707  20.9012
8205.978  20.92774
8207.248  20.908
8208.518  21.06515
8209.789  21.04911
8211.059  20.95454
8212.329  21.02536
8213.600  21.07074
8214.870  21.10679
8216.141  21.15977
8217.411  21.24201
8218.681  21.35785
8219.952  21.3147
8221.222  21.24579
8222.492  21.20067
8223.763  21.37109
8225.033  21.52525
8226.303  21.31631
8227.574  21.37093
8228.844  21.68461
8230.114  21.62128
8231.385  21.43149
8232.655  21.45592
8233.926  21.38925
8235.196  21.31339
8236.466  21.27568
8237.737  21.17965
8239.007  21.08416
8240.277  21.10149
8241.548  21.09379
8242.818  20.99515
8244.088  20.98129
8245.359  21.00215
8246.629  20.94321
8247.899  20.93217
8249.170  21.07557
8250.440  21.08617
8251.711  21.15626
8252.981  21.12582
8254.251  21.12776
8255.522  21.24799
8256.792  21.20753
8258.062  21.17046
8259.333  21.34365
8260.603  21.46527
8261.873  21.23153
8263.144  21.13255
8264.414  21.34128
8265.684  21.25529
8266.955  21.22357
8268.225  21.25211
8269.495  21.19481
8270.766  21.07934
8272.036  20.98876
8273.307  20.58739
8274.577  20.06369
8275.847  19.57886
8277.118  19.16359
8278.388  18.86155
8279.658  18.73066
8280.929  18.73663
8282.199  18.81227
8283.469  18.8277
8284.740  18.76654
8286.010  18.6428
8287.280  18.57997
8288.551  18.6599
8289.821  18.91751
8291.092  19.27499
8292.362  19.44664
8293.632  19.23963
8294.903  18.85096
8296.173  18.57076
8297.443  18.44342
8298.714  18.51887
8299.984  18.79848
8301.254  19.27817
8302.525  19.85121
8303.795  20.36173
8305.065  20.44892
8306.336  20.17532
8307.606  19.82688
8308.877  19.60603
8310.147  19.54292
8311.417  19.74363
8312.688  20.02594
8313.958  20.40757
8315.228  20.71528
8316.499  20.82052
8317.769  20.79198
8319.039  20.91464
8320.310  21.02538
8321.580  21.10057
8322.850  21.18385
8324.121  21.13888
8325.391  21.26882
8326.661  21.16104
8327.932  21.26426
8329.202  21.3318
8330.473  21.39766
8331.743  21.21833
8333.013  21.11993
8334.284  20.93328
8335.554  20.72599
8336.824  20.5298
8338.095  19.94741
8339.365  19.10136
8340.635  18.38949
8341.906  17.93531
8343.176  17.70695
8344.446  17.72719
8345.717  17.99472
8346.987  18.43974
8348.258  18.85386
8349.528  18.95123
8350.798  18.81838
8352.069  18.74002
8353.339  18.90609
8354.609  19.24294
8355.880  19.77194
8357.150  20.27762
8358.420  20.36211
8359.691  20.17379
8360.961  19.8771
8362.231  19.62246
8363.502  19.52065
8364.772  19.61358
8366.043  19.8412
8367.313  20.23534
8368.583  20.63496
8369.854  20.92786
8371.124  20.99875
8372.394  21.05974
8373.665  20.92513
8374.935  20.75671
8376.205  20.4764
8377.476  19.95073
8378.746  19.46338
8380.016  19.14692
8381.287  19.02419
8382.557  19.11907
8383.827  19.41071
8385.098  19.89253
8386.368  20.4022
8387.639  20.7149
8388.909  20.86128
8390.179  20.76996
8391.450  20.66795
8392.720  20.25831
8393.990  19.4619
8395.261  18.74685
8396.531  18.26332
8397.801  18.01768
8399.072  18.02738
8400.342  18.29637
8401.612  18.84688
8402.883  19.67253
8404.153  20.5087
8405.424  20.9171
8406.694  20.95329
8407.964  20.89549
8409.235  20.54282
8410.505  19.91513
8411.775  19.35778
8413.046  18.99012
8414.316  18.82067
8415.586  18.912
8416.857  19.25379
8418.127  19.78068
8419.397  20.41138
8420.668  20.70996
8421.938  20.54206
8423.209  20.25586
8424.479  19.59067
8425.749  18.79212
8427.020  18.22977
8428.290  17.8936
8429.560  17.79395
8430.831  17.95095
8432.101  18.3549
8433.371  19.08302
8434.642  19.9235
8435.912  20.59128
8437.182  21.04006
8438.453  21.08919
8439.723  21.03666
8440.993  21.01666
8442.264  20.99021
8443.534  20.7333
8444.805  20.56989
8446.075  20.37933
8447.345  19.89419
8448.616  19.40713
8449.886  19.06632
8451.156  18.90177
8452.427  18.95969
8453.697  19.2424
8454.967  19.68978
8456.238  20.30674
8457.508  20.58655
8458.778  20.29888
8460.049  19.57859
8461.319  18.85782
8462.590  18.35755
8463.860  18.1081
8465.130  18.09067
8466.401  18.32778
8467.671  18.81351
8468.941  19.57735
8470.212  20.40791
8471.482  20.78437
8472.752  20.82607
8474.023  20.81608
8475.293  20.85892
8476.563  20.9833
8477.834  21.16451
8479.104  21.32527
8480.375  21.29173
8481.645  21.19793
8482.915  21.26649
8484.186  21.20005
8485.456  21.0886
8486.726  20.94592
8487.997  20.5366
8489.267  19.9485
8490.537  19.52495
8491.808  19.26674
8493.078  19.2082
8494.348  19.36259
8495.619  19.69879
8496.889  20.07136
8498.160  20.289
8499.430  19.91594
8500.700  19.27391
8501.971  18.84289
8503.241  18.58207
8504.511  18.57146
8505.782  18.79871
8507.052  19.24236
8508.322  19.93839
8509.593  20.59526
8510.863  21.09629
8512.133  21.2721
8513.404  21.10737
8514.674  21.07684
8515.944  21.18384
8517.215  21.11868
8518.485  21.04947
8519.756  21.01008
8521.026  21.01774
8522.296  21.06394
8523.567  21.23415
8524.837  21.43049
8526.107  21.31673
8527.378  21.12648
8528.648  21.17121
8529.918  21.36059
8531.189  21.23021
8532.459  20.88074
8533.729  20.64898
8535.000  20.25795
8536.270  19.94913
8537.541  19.83017
8538.811  19.83354
8540.081  20.01019
8541.352  20.35799
8542.622  20.49154
8543.892  20.1727
8545.163  19.70931
8546.433  19.38554
8547.703  19.22782
8548.974  19.29958
8550.244  19.56456
8551.514  19.97387
8552.785  20.50457
8554.055  20.91341
8555.326  21.16495
8556.596  21.2812
8557.866  21.39035
8559.137  21.52714
8560.407  21.3755
8561.677  21.20226
8562.948  21.20027
8564.218  21.19181
8565.488  21.22976
8566.759  21.26004
8568.029  21.04619
8569.299  20.99034
8570.570  21.07567
8571.840  20.93239
8573.110  20.88857
8574.381  20.91496
8575.651  20.90605
8576.922  20.93891
8578.192  21.00484
8579.462  21.19458
8580.733  21.18885
8582.003  20.9472
8583.273  20.80472
8584.544  20.60611
8585.814  20.3188
8587.084  20.19364
8588.355  20.17558
8589.625  20.25807
8590.895  20.55906
8592.166  20.54206
8593.436  20.24928
8594.707  20.056
8595.977  19.92852
8597.247  19.96656
8598.518  20.14109
8599.788  20.38199
8601.058  20.71328
8602.329  20.88712
8603.599  20.83279
8604.869  20.75216
8606.140  20.57123
8607.410  20.3662
8608.680  20.22677
8609.951  20.13824
8611.221  19.90851
8612.492  19.59474
8613.762  19.40001
8615.032  19.25747
8616.303  19.0921
8617.573  18.91081
8618.843  18.76142
8620.114  18.66579
8621.384  18.54975
8622.654  18.46807
8623.925  18.4036
8625.195  18.35395
8626.465  18.31386
8627.736  18.29505
8629.006  18.31253
8630.276  18.33091
8631.547  18.37436
8632.817  18.44985
8634.088  18.51969
8635.358  18.63864
8636.628  18.77268
8637.899  18.95939
8639.169  19.19913
8640.439  19.36321
8641.710  19.58571
8642.980  19.71609
8644.250  19.62845
8645.521  19.35155
8646.791  19.08197
8648.061  18.84445
8649.332  18.66225
8650.602  18.55847
8651.873  18.48519
8653.143  18.44085
8654.413  18.41304
8655.684  18.38347
8656.954  18.36006
8658.224  18.36417
8659.495  18.39056
8660.765  18.40247
8662.035  18.43456
8663.306  18.44924
8664.576  18.48781
8665.846  18.52935
8667.117  18.5615
8668.387  18.62541
8669.658  18.68325
8670.928  18.74903
8672.198  18.80279
8673.469  18.89201
8674.739  18.99736
8676.009  19.05454
8677.280  19.16901
8678.550  19.22431
8679.820  19.29998
8681.091  19.41678
8682.361  19.54572
8683.631  19.62005
8684.902  19.72196
8686.172  19.81338
8687.443  19.87462
8688.713  19.99099
8689.983  20.00764
8691.254  20.12413
8692.524  20.25124
8693.794  20.30155
8695.065  20.2457
8696.335  20.28178
8697.605  20.22976
8698.876  20.19175
8700.146  20.23705
8701.416  20.30825
8702.687  20.38707
8703.957  20.37695
8705.227  20.40761
8706.498  20.35789
8707.768  20.4658
8709.039  20.66064
8710.309  20.79325
8711.579  21.00148
8712.850  21.05792
8714.120  21.03026
8715.390  21.17213
8716.661  21.11363
8717.931  21.11301
8719.201  21.202
8720.472  21.08616
8721.742  21.07525
8723.012  21.17261
8724.283  20.97997
8725.553  20.94179
8726.824  21.06785
8728.094  21.13622
8729.364  21.02462
8730.635  21.16711
8731.905  21.34162
8733.175  21.11117
8734.446  21.04294
8735.716  20.98504
8736.986  20.86608
8738.257  20.95019
8739.527  20.85345
8740.797  20.65364
8742.068  20.74927
8743.338  20.96106
8744.609  21.04705
8745.879  20.89284
8747.149  20.8668
8748.420  20.81845
8749.690  20.77022
8750.960  20.78859
8752.231  20.57566
8753.501  20.15207
8754.771  19.46352
8756.042  18.79182
8757.312  18.26455
8758.582  17.94028
8759.853  17.78131
8761.123  17.76705
8762.393  17.80392
8763.664  17.7866
8764.934  17.71729
8766.205  17.64753
8767.475  17.69648
8768.745  17.94247
8770.016  18.36113
8771.286  18.70948
8772.556  18.64707
8773.827  18.22449
8775.097  17.85604
8776.367  17.65634
8777.638  17.66211
8778.908  17.91535
8780.178  18.37486
8781.449  19.1156
8782.719  19.92589
8783.990  20.3187
8785.260  20.26647
8786.530  19.68834
8787.801  19.18242
8789.071  18.87556
8790.341  18.75551
8791.612  18.88432
8792.882  19.19791
8794.152  19.73813
8795.423  20.38859
8796.693  20.73542
8797.963  20.92971
8799.234  21.06971
8800.504  20.97653
8801.775  20.87406
8803.045  21.01541
8804.315  21.01891
8805.586  20.612
8806.856  20.49134
8808.126  20.37682
8809.397  20.33428
8810.667  20.32267
8811.937  20.62684
8813.208  20.79059
8814.478  20.9188
8815.748  21.01869
8817.019  20.88425
8818.289  20.54269
8819.559  20.03858
8820.830  19.19512
8822.100  18.26364
8823.371  17.59483
8824.641  17.1695
8825.911  16.97865
8827.182  17.03346
8828.452  17.32968
8829.722  17.81538
8830.993  18.25054
8832.263  18.3413
8833.533  18.13473
8834.804  17.94819
8836.074  17.97369
8837.344  18.20232
8838.615  18.64536
8839.885  19.35231
8841.156  19.99529
8842.426  20.25912
8843.696  20.16379
8844.967  19.83226
8846.237  19.4745
8847.507  19.19287
8848.778  19.05576
8850.048  19.12836
8851.318  19.38371
8852.589  19.82761
8853.859  20.40333
8855.129  20.75476
8856.400  20.81096
8857.670  20.68557
8858.941  20.4399
8860.211  20.21997
8861.481  19.79589
8862.752  19.29799
8864.022  18.81178
8865.292  18.47238
8866.563  18.30715
8867.833  18.38061
8869.103  18.67559
8870.374  19.25463
8871.644  20.02353
8872.914  20.53422
8874.185  20.71637
8875.455  20.82009
8876.726  20.6602
8877.996  20.43915
8879.266  19.9041
8880.537  19.00055
8881.807  18.21162
8883.077  17.67366
8884.348  17.38302
8885.618  17.35695
8886.888  17.5802
8888.159  18.07523
8889.429  18.88349
8890.699  19.75262
8891.970  20.29578
8893.240  20.42375
8894.510  20.34998
8895.781  20.27309
8897.051  19.91091
8898.322  19.27262
8899.592  18.71799
8900.862  18.29712
8902.133  18.07585
8903.403  18.63939
8904.673  18.6984
8905.944  18.43835
8907.214  19.18637
8908.484  20.15408
8909.755  20.29099
8911.025  20.28498
8912.295  20.01812
8913.566  19.35645
8914.836  18.46755
8916.107  17.78787
8917.377  17.35285
8918.647  17.16158
8919.918  17.24919
8921.188  17.58327
8922.458  18.19896
8923.729  19.09479
8924.999  19.78717
8926.269  20.112
8927.540  20.19904
8928.810  20.20986
8930.080  20.38069
8931.351  20.5069
8932.621  20.65726
8933.892  20.62017
8935.162  20.51045
8936.432  20.31635
8937.703  19.8346
8938.973  19.18013
8940.243  18.66515
8941.514  18.34764
8942.784  18.24762
8944.054  18.40241
8945.325  18.74746
8946.595  19.3097
8947.865  20.05783
8949.136  20.41292
8950.406  20.31732
8951.676  19.8576
8952.947  18.95749
8954.217  18.20812
8955.488  17.73214
8956.758  17.47498
8958.028  17.46859
8959.299  17.74124
8960.569  18.28887
8961.839  19.16041
8963.110  20.03204
8964.380  20.48915
8965.650  20.71118
8966.921  20.71007
8968.191  20.63387
8969.461  20.75295
8970.732  20.66176
8972.002  20.66651
8973.273  20.88078
8974.543  20.81654
8975.813  20.81237
8977.084  20.55862
8978.354  20.62904
8979.624  20.45227
8980.895  20.25251
8982.165  20.07315
8983.435  19.65767
8984.706  19.21577
8985.976  18.88145
8987.246  18.71659
8988.517  18.75633
8989.787  18.99801
8991.058  19.42028
8992.328  19.85586
8993.598  20.14469
8994.869  20.1133
8996.139  19.49031
8997.409  18.78175
8998.680  18.2975
8999.950  18.02701
9001.220  18.00786
9002.491  18.25367
9003.761  18.76832
9005.031  19.59224
9006.302  20.4687
9007.572  20.86949
9008.842  21.13971
9010.113  21.33261
9011.383  21.59999
9012.654  21.60576
9013.924  21.52017
9015.194  21.30625
9016.465  21.33443
9017.735  21.13302
9019.005  20.88502
9020.276  20.91942
9021.546  20.85293
9022.816  21.03402
9024.087  21.04732
9025.357  20.953
9026.627  20.80821
9027.898  20.85769
9029.168  20.85626
9030.439  20.70367
9031.709  20.56154
9032.979  20.19123
9034.250  19.79523
9035.520  19.39511
9036.790  19.18678
9038.061  19.17785
9039.331  19.38991
9040.601  19.76408
9041.872  20.12479
9043.142  20.17088
9044.412  19.79717
9045.683  19.23245
9046.953  18.84021
9048.224  18.59822
9049.494  18.59666
9050.764  18.84574
9052.035  19.31266
9053.305  19.91914
9054.575  20.37686
9055.846  20.71752
9057.116  20.95605
9058.386  20.96925
9059.657  20.89664
9060.927  20.79633
9062.197  20.79459
9063.468  20.70101
9064.738  20.72672
9066.009  20.53266
9067.279  20.64021
9068.549  20.76601
9069.820  20.87944
9071.090  21.02968
9072.360  21.1845
9073.631  21.41715
9074.901  21.29701
9076.171  21.19991
9077.442  21.44892
9078.712  21.39283
9079.982  21.34082
9081.253  21.38816
9082.523  21.40879
9083.793  21.2364
9085.064  20.97714
9086.334  21.07513
9087.605  20.79526
9088.875  20.29722
9090.145  20.00975
9091.416  19.82779
9092.686  19.81966
9093.956  19.98372
9095.227  20.22447
9096.497  20.35068
9097.767  20.2473
9099.038  19.88276
9100.308  19.5216
9101.578  19.35836
9102.849  19.37767
9104.119  19.658
9105.390  20.0987
9106.660  20.46233
9107.930  20.83333
9109.201  21.25048
9110.471  21.22643
9111.741  21.13898
9113.012  21.34521
9114.282  21.31521
9115.552  21.34611
9116.823  21.23763
9118.093  21.4456
9119.363  21.79406
9120.634  21.49757
9121.904  21.30827
9123.175  21.38564
9124.445  21.61501
9125.715  21.38161
9126.986  21.15314
9128.256  21.52771
9129.526  21.66185
9130.797  21.28775
9132.067  21.47386
9133.337  21.50651
9134.608  21.35805
9135.878  21.30482
9137.148  21.24154
9138.419  21.17867
9139.689  21.18843
9140.959  21.25657
9142.230  21.3146
9143.500  21.26097
9144.771  21.355
9146.041  21.14506
9147.311  20.79824
9148.582  20.68134
9149.852  20.35206
9151.122  20.11673
9152.393  20.11834
9153.663  20.30581
9154.933  20.41296
9156.204  20.3345
9157.474  20.16631
9158.744  20.01128
9160.015  19.84957
9161.285  19.85345
9162.556  20.13231
9163.826  20.47401
9165.096  20.77293
9166.367  21.20239
9167.637  21.0643
9168.907  21.08558
9170.178  21.28902
9171.448  21.2274
9172.718  21.42113
9173.989  21.45701
9175.259  21.38889
9176.529  21.48327
9177.800  21.15609
9179.070  21.15457
9180.341  21.41388
9181.611  21.0864
9182.881  21.27582
9184.152  21.53738
9185.422  21.60315
9186.692  21.37984
9187.963  21.38293
9189.233  21.4196
9190.503  21.4661
9191.774  21.73352
9193.044  21.45047
9194.314  21.83771
9195.585  21.59426
9196.855  21.394
9198.125  21.50987
9199.396  21.60729
9200.666  21.57401
9201.937  21.42204
9203.207  21.46744
9204.477  21.22413
9205.748  21.09926
9207.018  21.27213
9208.288  21.29933
9209.559  21.2611
9210.829  20.95636
9212.099  20.74467
9213.370  20.67933
9214.640  20.4258
9215.910  20.29973
9217.181  20.22332
9218.451  20.38975
9219.722  20.60354
9220.992  20.51045
9222.262  20.3556
9223.533  20.14008
9224.803  20.15793
9226.073  20.35284
9227.344  20.64877
9228.614  21.04017
9229.884  21.07052
9231.155  21.36116
9232.425  21.28679
9233.695  21.44233
9234.966  21.31153
9236.236  21.25417
9237.507  21.28396
9238.777  21.30507
9240.047  21.60501
9241.318  21.64412
9242.588  21.88798
9243.858  21.44087
9245.129  21.03073
9246.399  20.85858
9247.669  20.77018
9248.940  20.68367
9250.210  20.61895
9251.480  20.56681
9252.751  20.5881
9254.021  20.85998
9255.292  21.14189
9256.562  21.31172
9257.832  21.1702
9259.103  21.10486
9260.373  21.28279
9261.643  20.76803
9262.914  20.96855
9264.184  21.20393
9265.454  21.08294
9266.725  21.21545
9267.995  21.39574
9269.265  21.35424
9270.536  21.58709
9271.806  21.88351
9273.076  21.28441
9274.347  21.07234
9275.617  21.65221
9276.888  21.61737
9278.158  21.33214
9279.428  21.53166
9280.699  21.10949
9281.969  20.81709
9283.239  20.62921
9284.510  20.75549
9285.780  20.6759
9287.050  20.62632
9288.321  20.66652
9289.591  20.50722
9290.861  20.49797
9292.132  20.28836
9293.402  20.29204
9294.673  20.22179
9295.943  20.53634
9297.213  20.53563
9298.484  20.40725
9299.754  20.05627
