3732.457  22.53022
3733.706  22.33738
3734.956  22.46453
3736.205  22.5341
3737.455  22.69235
3738.704  23.26052
3739.953  22.91558
3741.203  22.67847
3742.452  22.55127
3743.702  22.51139
3744.951  22.65966
3746.201  22.77299
3747.450  22.71943
3748.700  22.58002
3749.949  22.56125
3751.199  22.86692
3752.448  23.15518
3753.697  23.00615
3754.947  22.65997
3756.196  22.54102
3757.446  22.74641
3758.695  22.67533
3759.945  22.85576
3761.194  23.33793
3762.444  23.07446
3763.693  22.75829
3764.942  22.92773
3766.192  22.92559
3767.441  22.62934
3768.691  22.99057
3769.940  22.93236
3771.190  22.78639
3772.439  22.72015
3773.689  22.66866
3774.938  22.72745
3776.187  22.66431
3777.437  23.0717
3778.686  22.8432
3779.936  22.97217
3781.185  22.69295
3782.435  22.64517
3783.684  22.84564
3784.934  22.83859
3786.183  22.79937
3787.433  22.74176
3788.682  22.6096
3789.931  22.6638
3791.181  22.79052
3792.430  22.74727
3793.680  22.80086
3794.929  22.78138
3796.179  22.79465
3797.428  22.97679
3798.678  22.98797
3799.927  22.98248
3801.176  23.28111
3802.426  23.22338
3803.675  23.04201
3804.925  22.94238
3806.174  22.94021
3807.424  22.87544
3808.673  22.72125
3809.923  22.81064
3811.172  22.91771
3812.422  22.78095
3813.671  22.70703
3814.920  22.59571
3816.170  22.59474
3817.419  22.80868
3818.669  22.72927
3819.918  22.7666
3821.168  22.95614
3822.417  23.05845
3823.667  23.01171
3824.916  22.92473
3826.165  22.70319
3827.415  22.38262
3828.664  22.26911
3829.914  22.31254
3831.163  22.4194
3832.413  22.33409
3833.662  22.33782
3834.912  22.41553
3836.161  22.43179
3837.410  22.5266
3838.660  22.61035
3839.909  22.65006
3841.159  22.62979
3842.408  22.59016
3843.658  22.63495
3844.907  22.85794
3846.157  22.85983
3847.406  22.75364
3848.656  22.8072
3849.905  23.07883
3851.154  23.058
3852.404  23.01975
3853.653  22.87926
3854.903  22.92287
3856.152  22.99261
3857.402  22.96157
3858.651  23.05872
3859.901  23.21625
3861.150  23.26265
3862.399  23.28
3863.649  23.16639
3864.898  23.14743
3866.148  23.36921
3867.397  23.38085
3868.647  23.1709
3869.896  23.13572
3871.146  23.17666
3872.395  23.11588
3873.644  23.02055
3874.894  23.00789
3876.143  23.24855
3877.393  23.43185
3878.642  23.3775
3879.892  23.34964
3881.141  23.42541
3882.391  23.58333
3883.640  23.58224
3884.890  23.42391
3886.139  23.20515
3887.388  23.09496
3888.638  23.10336
3889.887  23.14714
3891.137  23.1652
3892.386  23.11255
3893.636  23.10887
3894.885  23.11037
3896.135  23.09809
3897.384  23.07899
3898.633  23.01217
3899.883  22.81907
3901.132  22.79088
3902.382  22.92436
3903.631  22.94016
3904.881  22.85487
3906.130  22.76463
3907.380  22.6378
3908.629  22.57681
3909.878  22.52337
3911.128  22.44586
3912.377  22.5187
3913.627  22.58855
3914.876  22.5443
3916.126  22.56749
3917.375  22.68752
3918.625  22.76145
3919.874  22.85907
3921.124  23.01212
3922.373  22.99875
3923.622  22.91307
3924.872  23.04758
3926.121  23.23187
3927.371  23.28395
3928.620  23.19399
3929.870  23.30258
3931.119  23.64222
3932.369  23.50726
3933.618  23.18683
3934.867  23.13031
3936.117  23.25571
3937.366  23.22367
3938.616  22.97251
3939.865  22.79893
3941.115  22.75368
3942.364  22.70378
3943.614  22.67542
3944.863  22.72135
3946.113  22.83935
3947.362  22.79191
3948.611  22.67246
3949.861  22.6834
3951.110  22.73365
3952.360  22.86917
3953.609  22.96882
3954.859  22.93292
3956.108  22.84302
3957.358  22.82803
3958.607  22.97181
3959.856  22.98648
3961.106  23.01807
3962.355  23.22552
3963.605  23.39862
3964.854  23.41364
3966.104  23.41866
3967.353  23.59009
3968.603  23.74987
3969.852  23.4949
3971.101  23.25421
3972.351  23.18862
3973.600  23.12001
3974.850  23.00823
3976.099  22.90611
3977.349  22.91002
3978.598  22.91895
3979.848  22.88841
3981.097  22.80541
3982.347  22.77606
3983.596  22.85844
3984.845  22.93077
3986.095  23.00238
3987.344  23.07016
3988.594  23.0547
3989.843  23.08647
3991.093  23.11018
3992.342  23.11149
3993.592  23.20408
3994.841  23.16808
3996.090  22.98145
3997.340  22.9083
3998.589  22.89668
3999.839  22.86777
4001.088  22.8659
4002.338  22.82799
4003.587  22.76142
4004.837  22.77015
4006.086  22.84654
4007.335  22.83929
4008.585  22.68762
4009.834  22.59745
4011.084  22.56701
4012.333  22.61186
4013.583  22.6313
4014.832  22.66717
4016.082  22.69493
4017.331  22.6633
4018.581  22.7519
4019.830  22.78857
4021.079  22.77895
4022.329  22.80368
4023.578  22.82946
4024.828  22.88231
4026.077  22.85686
4027.327  22.85062
4028.576  22.8557
4029.826  22.79066
4031.075  22.73883
4032.324  22.77484
4033.574  22.77118
4034.823  22.73039
4036.073  22.73008
4037.322  22.7106
4038.572  22.63642
4039.821  22.54468
4041.071  22.54101
4042.320  22.47655
4043.570  22.39621
4044.819  22.39827
4046.068  22.4234
4047.318  22.43918
4048.567  22.43256
4049.817  22.41746
4051.066  22.49607
4052.316  22.68908
4053.565  22.80662
4054.815  22.79345
4056.064  22.73477
4057.313  22.64948
4058.563  22.59028
4059.812  22.58478
4061.062  22.57338
4062.311  22.49118
4063.561  22.44934
4064.810  22.46983
4066.060  22.45773
4067.309  22.45859
4068.558  22.47176
4069.808  22.4619
4071.057  22.47865
4072.307  22.56359
4073.556  22.57842
4074.806  22.51186
4076.055  22.48522
4077.305  22.49073
4078.554  22.45763
4079.804  22.46383
4081.053  22.48558
4082.302  22.5221
4083.552  22.55853
4084.801  22.59661
4086.051  22.64894
4087.300  22.68666
4088.550  22.67275
4089.799  22.67547
4091.049  22.67513
4092.298  22.69324
4093.547  22.72678
4094.797  22.7338
4096.046  22.70684
4097.296  22.71376
4098.545  22.76638
4099.795  22.82092
4101.044  22.84719
4102.294  22.86592
4103.543  22.84147
4104.792  22.76772
4106.042  22.76107
4107.291  22.83486
4108.541  22.90444
4109.790  22.90929
4111.040  22.864
4112.289  22.84695
4113.539  22.85108
4114.788  22.79487
4116.038  22.79912
4117.287  22.77413
4118.536  22.7572
4119.786  22.78661
4121.035  22.74588
4122.285  22.74063
4123.534  22.77897
4124.784  22.68568
4126.033  22.62624
4127.283  22.65659
4128.532  22.65932
4129.781  22.63942
4131.031  22.64488
4132.280  22.63939
4133.530  22.66697
4134.779  22.66829
4136.029  22.6358
4137.278  22.61946
4138.528  22.61215
4139.777  22.64698
4141.026  22.67747
4142.276  22.71957
4143.525  22.77668
4144.775  22.76027
4146.024  22.75291
4147.274  22.75102
4148.523  22.72699
4149.773  22.74102
4151.022  22.75606
4152.272  22.69564
4153.521  22.62135
4154.770  22.57045
4156.020  22.5324
4157.269  22.53759
4158.519  22.51041
4159.768  22.45911
4161.018  22.46563
4162.267  22.47796
4163.517  22.40603
4164.766  22.33111
4166.015  22.33105
4167.265  22.33311
4168.514  22.35601
4169.764  22.39398
4171.013  22.42061
4172.263  22.44008
4173.512  22.45581
4174.762  22.46835
4176.011  22.48441
4177.261  22.49344
4178.510  22.50117
4179.759  22.49819
4181.009  22.55442
4182.258  22.65464
4183.508  22.69319
4184.757  22.69437
4186.007  22.70144
4187.256  22.69044
4188.506  22.65762
4189.755  22.70102
4191.004  22.69821
4192.254  22.66578
4193.503  22.75086
4194.753  22.76033
4196.002  22.69221
4197.252  22.73598
4198.501  22.80787
4199.751  22.76715
4201.000  22.73416
4202.249  22.73338
4203.499  22.71743
4204.748  22.66555
4205.998  22.67723
4207.247  22.65557
4208.497  22.58904
4209.746  22.63989
4210.996  22.67033
4212.245  22.65394
4213.495  22.66924
4214.744  22.71613
4215.993  22.76752
4217.243  22.75299
4218.492  22.75811
4219.742  22.7787
4220.991  22.78428
4222.241  22.79728
4223.490  22.79029
4224.740  22.79086
4225.989  22.85834
4227.238  22.889
4228.488  22.84903
4229.737  22.91459
4230.987  22.88002
4232.236  22.73614
4233.486  22.7352
4234.735  22.77126
4235.985  22.79161
4237.234  22.82805
4238.483  22.80178
4239.733  22.73415
4240.982  22.69141
4242.232  22.69683
4243.481  22.67128
4244.731  22.60333
4245.980  22.58774
4247.230  22.57446
4248.479  22.57585
4249.729  22.58491
4250.978  22.55119
4252.227  22.53731
4253.477  22.5515
4254.726  22.55261
4255.976  22.53822
4257.225  22.56652
4258.475  22.62752
4259.724  22.66125
4260.974  22.65471
4262.223  22.65373
4263.472  22.65841
4264.722  22.63536
4265.971  22.58553
4267.221  22.56853
4268.470  22.60799
4269.720  22.65665
4270.969  22.68207
4272.219  22.65836
4273.468  22.60153
4274.718  22.58384
4275.967  22.61665
4277.216  22.58921
4278.466  22.5384
4279.715  22.53538
4280.965  22.55549
4282.214  22.61193
4283.464  22.69597
4284.713  22.73601
4285.963  22.71127
4287.212  22.67946
4288.461  22.66881
4289.711  22.71283
4290.960  22.72619
4292.210  22.70391
4293.459  22.69363
4294.709  22.62414
4295.958  22.55343
4297.208  22.59177
4298.457  22.65062
4299.706  22.68441
4300.956  22.7983
4302.205  22.87531
4303.455  22.79376
4304.704  22.73139
4305.954  22.70931
4307.203  22.6112
4308.453  22.56817
4309.702  22.5926
4310.952  22.58369
4312.201  22.55963
4313.450  22.53569
4314.700  22.47189
4315.949  22.42956
4317.199  22.44548
4318.448  22.48722
4319.698  22.50756
4320.947  22.49445
4322.197  22.52666
4323.446  22.62183
4324.695  22.67814
4325.945  22.6902
4327.194  22.68034
4328.444  22.64732
4329.693  22.64646
4330.943  22.67314
4332.192  22.61843
4333.442  22.60953
4334.691  22.61632
4335.940  22.55808
4337.190  22.55267
4338.439  22.60505
4339.689  22.62468
4340.938  22.68063
4342.188  22.72577
4343.437  22.61437
4344.687  22.4663
4345.936  22.48333
4347.186  22.58726
4348.435  22.60189
4349.684  22.55286
4350.934  22.52402
4352.183  22.52785
4353.433  22.46091
4354.682  22.26115
4355.932  22.06294
4357.181  21.96622
4358.431  21.98797
4359.680  22.08984
4360.929  22.18707
4362.179  22.30194
4363.428  22.45432
4364.678  22.52744
4365.927  22.47872
4367.177  22.46201
4368.426  22.48919
4369.676  22.51713
4370.925  22.56638
4372.174  22.55804
4373.424  22.52444
4374.673  22.50065
4375.923  22.45127
4377.172  22.39668
4378.422  22.43207
4379.671  22.53515
4380.921  22.54958
4382.170  22.54165
4383.420  22.61668
4384.669  22.62336
4385.918  22.58965
4387.168  22.61631
4388.417  22.59678
4389.667  22.60664
4390.916  22.64824
4392.166  22.60413
4393.415  22.57235
4394.665  22.58468
4395.914  22.59731
4397.163  22.56664
4398.413  22.50723
4399.662  22.49688
4400.912  22.4874
4402.161  22.4442
4403.411  22.41855
4404.660  22.38279
4405.910  22.30785
4407.159  22.25585
4408.409  22.26435
4409.658  22.27274
4410.907  22.27954
4412.157  22.29637
4413.406  22.28511
4414.656  22.27381
4415.905  22.28614
4417.155  22.3186
4418.404  22.33898
4419.654  22.30753
4420.903  22.2944
4422.152  22.31218
4423.402  22.26844
4424.651  22.22754
4425.901  22.26438
4427.150  22.32846
4428.400  22.40156
4429.649  22.43925
4430.899  22.42194
4432.148  22.38953
4433.397  22.39923
4434.647  22.4312
4435.896  22.39228
4437.146  22.339
4438.395  22.34715
4439.645  22.38143
4440.894  22.40393
4442.144  22.40646
4443.393  22.41938
4444.643  22.41555
4445.892  22.39221
4447.141  22.41921
4448.391  22.44649
4449.640  22.45348
4450.890  22.51202
4452.139  22.53306
4453.389  22.48415
4454.638  22.49385
4455.888  22.53913
4457.137  22.54664
4458.386  22.54678
4459.636  22.55353
4460.885  22.54151
4462.135  22.53138
4463.384  22.5238
4464.634  22.51398
4465.883  22.51405
4467.133  22.54399
4468.382  22.58797
4469.631  22.60309
4470.881  22.61015
4472.130  22.58113
4473.380  22.52119
4474.629  22.49114
4475.879  22.45325
4477.128  22.42831
4478.378  22.47681
4479.627  22.51872
4480.877  22.49461
4482.126  22.47441
4483.375  22.49556
4484.625  22.5086
4485.874  22.49491
4487.124  22.50744
4488.373  22.5241
4489.623  22.50464
4490.872  22.49483
4492.122  22.49815
4493.371  22.48714
4494.620  22.47066
4495.870  22.4621
4497.119  22.45824
4498.369  22.49449
4499.618  22.53119
4500.868  22.49347
4502.117  22.45498
4503.367  22.45219
4504.616  22.46229
4505.866  22.45332
4507.115  22.4283
4508.364  22.43882
4509.614  22.43895
4510.863  22.41545
4512.113  22.44332
4513.362  22.49554
4514.612  22.51251
4515.861  22.50769
4517.111  22.49474
4518.360  22.49826
4519.609  22.48636
4520.859  22.43766
4522.108  22.42291
4523.358  22.41782
4524.607  22.36283
4525.857  22.32118
4527.106  22.31299
4528.356  22.31898
4529.605  22.32374
4530.854  22.31513
4532.104  22.33491
4533.353  22.33096
4534.603  22.28686
4535.852  22.28312
4537.102  22.28162
4538.351  22.26797
4539.601  22.28939
4540.850  22.29863
4542.100  22.29214
4543.349  22.29914
4544.598  22.28089
4545.848  22.29233
4547.097  22.36019
4548.347  22.38555
4549.596  22.36732
4550.846  22.35435
4552.095  22.36983
4553.345  22.39666
4554.594  22.39024
4555.843  22.36541
4557.093  22.37548
4558.342  22.40998
4559.592  22.39813
4560.841  22.37343
4562.091  22.40586
4563.340  22.43965
4564.590  22.41167
4565.839  22.39624
4567.088  22.4305
4568.338  22.45375
4569.587  22.44634
4570.837  22.43945
4572.086  22.45504
4573.336  22.45801
4574.585  22.42862
4575.835  22.37622
4577.084  22.3222
4578.334  22.33113
4579.583  22.36645
4580.832  22.36042
4582.082  22.33997
4583.331  22.32059
4584.581  22.319
4585.830  22.35767
4587.080  22.40392
4588.329  22.38553
4589.579  22.37999
4590.828  22.4048
4592.077  22.3941
4593.327  22.41213
4594.576  22.42426
4595.826  22.42584
4597.075  22.47538
4598.325  22.48756
4599.574  22.43138
4600.824  22.41881
4602.073  22.44245
4603.323  22.4257
4604.572  22.41569
4605.821  22.4224
4607.071  22.42629
4608.320  22.42746
4609.570  22.40131
4610.819  22.42894
4612.069  22.50623
4613.318  22.52776
4614.568  22.51518
4615.817  22.47277
4617.066  22.42587
4618.316  22.42921
4619.565  22.42616
4620.815  22.40843
4622.064  22.42288
4623.314  22.43501
4624.563  22.4153
4625.813  22.39928
4627.062  22.43172
4628.311  22.47288
4629.561  22.45786
4630.810  22.42293
4632.060  22.40549
4633.309  22.42214
4634.559  22.45205
4635.808  22.4542
4637.058  22.45049
4638.307  22.45872
4639.557  22.46415
4640.806  22.47003
4642.055  22.47825
4643.305  22.47693
4644.554  22.47708
4645.804  22.50184
4647.053  22.50691
4648.303  22.4814
4649.552  22.44556
4650.802  22.41008
4652.051  22.4119
4653.300  22.41185
4654.550  22.36737
4655.799  22.34093
4657.049  22.33816
4658.298  22.30068
4659.548  22.26066
4660.797  22.25554
4662.047  22.26769
4663.296  22.29086
4664.545  22.30946
4665.795  22.3172
4667.044  22.30924
4668.294  22.27276
4669.543  22.25052
4670.793  22.25003
4672.042  22.25124
4673.292  22.24428
4674.541  22.2331
4675.791  22.25864
4677.040  22.31114
4678.289  22.32655
4679.539  22.29761
4680.788  22.26162
4682.038  22.26889
4683.287  22.32782
4684.537  22.36135
4685.786  22.33526
4687.036  22.32491
4688.285  22.32886
4689.534  22.3157
4690.784  22.32359
4692.033  22.34069
4693.283  22.33582
4694.532  22.33275
4695.782  22.35739
4697.031  22.38377
4698.281  22.38474
4699.530  22.38046
4700.779  22.39253
4702.029  22.40775
4703.278  22.41264
4704.528  22.39618
4705.777  22.38262
4707.027  22.38946
4708.276  22.36477
4709.526  22.31741
4710.775  22.32864
4712.025  22.3484
4713.274  22.31418
4714.523  22.29309
4715.773  22.30534
4717.022  22.3148
4718.272  22.32523
4719.521  22.33976
4720.771  22.35328
4722.020  22.34746
4723.270  22.33416
4724.519  22.34376
4725.768  22.34833
4727.018  22.3565
4728.267  22.39387
4729.517  22.3804
4730.766  22.34683
4732.016  22.37759
4733.265  22.40374
4734.515  22.37586
4735.764  22.33594
4737.014  22.3184
4738.263  22.33321
4739.512  22.32114
4740.762  22.28238
4742.011  22.27861
4743.261  22.28448
4744.510  22.29874
4745.760  22.3231
4747.009  22.33671
4748.259  22.3467
4749.508  22.33307
4750.757  22.35388
4752.007  22.44395
4753.256  22.45531
4754.506  22.41107
4755.755  22.4081
4757.005  22.4115
4758.254  22.41139
4759.504  22.41237
4760.753  22.42621
4762.002  22.42619
4763.252  22.39606
4764.501  22.38226
4765.751  22.39225
4767.000  22.39335
4768.250  22.40768
4769.499  22.43608
4770.749  22.45192
4771.998  22.44831
4773.248  22.41672
4774.497  22.37968
4775.746  22.37372
4776.996  22.34499
4778.245  22.30958
4779.495  22.32931
4780.744  22.34875
4781.994  22.37338
4783.243  22.41978
4784.493  22.40944
4785.742  22.38655
4786.991  22.36943
4788.241  22.34779
4789.490  22.3706
4790.740  22.38387
4791.989  22.3559
4793.239  22.33755
4794.488  22.33286
4795.738  22.35712
4796.987  22.37722
4798.236  22.36787
4799.486  22.35479
4800.735  22.33534
4801.985  22.32397
4803.234  22.34211
4804.484  22.34985
4805.733  22.32934
4806.983  22.32269
4808.232  22.31703
4809.482  22.30771
4810.731  22.30195
4811.980  22.28802
4813.230  22.27196
4814.479  22.23248
4815.729  22.22221
4816.978  22.23894
4818.228  22.17888
4819.477  22.10829
4820.727  22.08628
4821.976  22.09026
4823.225  22.10108
4824.475  22.09327
4825.724  22.11018
4826.974  22.14659
4828.223  22.15057
4829.473  22.12714
4830.722  22.09176
4831.972  22.08957
4833.221  22.0897
4834.471  22.05136
4835.720  22.03872
4836.969  22.078
4838.219  22.11511
4839.468  22.13524
4840.718  22.14746
4841.967  22.17184
4843.217  22.19058
4844.466  22.17889
4845.716  22.16512
4846.965  22.16109
4848.214  22.16854
4849.464  22.19425
4850.713  22.23685
4851.963  22.25873
4853.212  22.27279
4854.462  22.33367
4855.711  22.36132
4856.961  22.32619
4858.210  22.2878
4859.459  22.29185
4860.709  22.2781
4861.958  22.24549
4863.208  22.26184
4864.457  22.2777
4865.707  22.26403
4866.956  22.27924
4868.206  22.3122
4869.455  22.31177
4870.705  22.32114
4871.954  22.34421
4873.203  22.33474
4874.453  22.31539
4875.702  22.29906
4876.952  22.26442
4878.201  22.2235
4879.451  22.21014
4880.700  22.22406
4881.950  22.23149
4883.199  22.2243
4884.448  22.2194
4885.698  22.24488
4886.947  22.2846
4888.197  22.29024
4889.446  22.23624
4890.696  22.19854
4891.945  22.20896
4893.195  22.23157
4894.444  22.232
4895.693  22.22445
4896.943  22.24814
4898.192  22.30203
4899.442  22.32886
4900.691  22.33861
4901.941  22.32821
4903.190  22.25557
4904.440  22.20544
4905.689  22.23575
4906.939  22.28807
4908.188  22.29562
4909.437  22.28483
4910.687  22.29127
4911.936  22.27267
4913.186  22.22874
4914.435  22.22158
4915.685  22.29445
4916.934  22.34794
4918.184  22.32038
4919.433  22.31242
4920.682  22.34824
4921.932  22.38282
4923.181  22.36995
4924.431  22.31595
4925.680  22.26704
4926.930  22.2643
4928.179  22.30453
4929.429  22.27888
4930.678  22.22983
4931.927  22.24178
4933.177  22.28954
4934.426  22.29204
4935.676  22.26818
4936.925  22.26409
4938.175  22.28603
4939.424  22.29474
4940.674  22.26288
4941.923  22.22975
4943.173  22.24577
4944.422  22.29596
4945.671  22.29477
4946.921  22.27226
4948.170  22.27929
4949.420  22.24344
4950.669  22.19382
4951.919  22.16501
4953.168  22.16832
4954.418  22.19874
4955.667  22.23913
4956.916  22.27435
4958.166  22.29794
4959.415  22.28415
4960.665  22.27944
4961.914  22.27304
4963.164  22.21455
4964.413  22.17147
4965.663  22.14406
4966.912  22.12982
4968.162  22.13417
4969.411  22.12683
4970.660  22.08514
4971.910  22.06065
4973.159  22.07446
4974.409  22.09289
4975.658  22.09103
4976.908  22.0779
4978.157  22.05226
4979.407  22.03857
4980.656  22.03877
4981.905  22.03429
4983.155  22.05515
4984.404  22.08132
4985.654  22.11647
4986.903  22.12033
4988.153  22.1097
4989.402  22.10575
4990.652  22.07103
4991.901  22.07632
4993.150  22.08972
4994.400  22.06974
4995.649  22.13288
4996.899  22.20568
4998.148  22.19633
4999.398  22.2041
5000.647  22.24459
5001.897  22.21583
5003.146  22.16998
5004.396  22.17029
5005.645  22.15628
5006.894  22.17456
5008.144  22.2203
5009.393  22.21571
5010.643  22.22471
5011.892  22.26438
5013.142  22.25026
5014.391  22.21274
5015.641  22.23991
5016.890  22.30246
5018.139  22.29201
5019.389  22.25175
5020.638  22.25912
5021.888  22.28364
5023.137  22.30996
5024.387  22.32178
5025.636  22.32451
5026.886  22.29163
5028.135  22.22713
5029.384  22.20672
5030.634  22.21536
5031.883  22.22796
5033.133  22.27439
5034.382  22.27962
5035.632  22.26819
5036.881  22.29007
5038.131  22.31968
5039.380  22.33188
5040.630  22.31186
5041.879  22.27662
5043.128  22.28269
5044.378  22.27057
5045.627  22.22745
5046.877  22.22979
5048.126  22.29399
5049.376  22.35615
5050.625  22.34755
5051.875  22.30753
5053.124  22.25278
5054.373  22.22212
5055.623  22.22231
5056.872  22.24583
5058.122  22.25391
5059.371  22.22618
5060.621  22.20582
5061.870  22.2271
5063.120  22.25561
5064.369  22.25696
5065.619  22.23285
5066.868  22.19216
5068.117  22.2093
5069.367  22.23125
5070.616  22.20213
5071.866  22.21491
5073.115  22.23574
5074.365  22.21556
5075.614  22.19587
5076.864  22.20103
5078.113  22.22555
5079.362  22.22725
5080.612  22.2126
5081.861  22.18151
5083.111  22.13799
5084.360  22.12286
5085.610  22.13521
5086.859  22.14481
5088.109  22.15145
5089.358  22.17037
5090.607  22.15902
5091.857  22.11733
5093.106  22.13356
5094.356  22.17875
5095.605  22.19097
5096.855  22.21369
5098.104  22.25069
5099.354  22.22816
5100.603  22.20095
5101.853  22.19387
5103.102  22.20273
5104.351  22.22872
5105.601  22.26954
5106.850  22.28372
5108.100  22.25261
5109.349  22.20361
5110.599  22.18302
5111.848  22.2171
5113.098  22.24049
5114.347  22.23205
5115.596  22.21087
5116.846  22.19123
5118.095  22.20681
5119.345  22.24116
5120.594  22.24323
5121.844  22.24641
5123.093  22.26093
5124.343  22.26835
5125.592  22.25219
5126.841  22.24146
5128.091  22.22941
5129.340  22.1999
5130.590  22.18935
5131.839  22.16672
5133.089  22.12709
5134.338  22.08401
5135.588  22.07655
5136.837  22.12074
5138.087  22.139
5139.336  22.13624
5140.585  22.11196
5141.835  22.08642
5143.084  22.08195
5144.334  22.08921
5145.583  22.09125
5146.833  22.08045
5148.082  22.06421
5149.332  22.06551
5150.581  22.08043
5151.830  22.07481
5153.080  22.05844
5154.329  22.05289
5155.579  22.02185
5156.828  22.01766
5158.078  22.04361
5159.327  22.07057
5160.577  22.12566
5161.826  22.15952
5163.075  22.14057
5164.325  22.14022
5165.574  22.18491
5166.824  22.21689
5168.073  22.23743
5169.323  22.28928
5170.572  22.31
5171.822  22.25452
5173.071  22.20362
5174.321  22.22923
5175.570  22.24779
5176.819  22.21148
5178.069  22.19332
5179.318  22.19653
5180.568  22.19672
5181.817  22.24188
5183.067  22.27376
5184.316  22.24291
5185.566  22.18458
5186.815  22.11185
5188.064  22.05846
5189.314  22.02349
5190.563  22.04705
5191.813  22.08661
5193.062  22.04557
5194.312  21.96509
5195.561  21.8916
5196.811  21.80633
5198.060  21.71595
5199.310  21.7036
5200.559  21.76433
5201.808  21.8472
5203.058  21.92245
5204.307  22.0047
5205.557  22.09479
5206.806  22.13586
5208.056  22.14034
5209.305  22.1528
5210.555  22.1653
5211.804  22.14788
5213.053  22.14331
5214.303  22.14236
5215.552  22.12326
5216.802  22.10142
5218.051  22.09332
5219.301  22.0522
5220.550  22.00508
5221.800  21.99757
5223.049  22.0198
5224.298  22.0507
5225.548  22.08573
5226.797  22.09111
5228.047  22.0886
5229.296  22.10201
5230.546  22.09756
5231.795  22.10278
5233.045  22.09888
5234.294  22.07264
5235.544  22.05758
5236.793  22.04333
5238.042  21.98778
5239.292  21.93743
5240.541  21.954
5241.791  22.01979
5243.040  22.06472
5244.290  22.10859
5245.539  22.15505
5246.789  22.15458
5248.038  22.12068
5249.287  22.11281
5250.537  22.09874
5251.786  22.07387
5253.036  22.03287
5254.285  21.98587
5255.535  21.95144
5256.784  21.95361
5258.034  21.98706
5259.283  22.06686
5260.532  22.1401
5261.782  22.17777
5263.031  22.19326
5264.281  22.21594
5265.530  22.23913
5266.780  22.22085
5268.029  22.20933
5269.279  22.23246
5270.528  22.22698
5271.778  22.16278
5273.027  22.09019
5274.276  22.05775
5275.526  22.02829
5276.775  22.00944
5278.025  22.05631
5279.274  22.11158
5280.524  22.12395
5281.773  22.13312
5283.023  22.15324
5284.272  22.1424
5285.521  22.112
5286.771  22.09512
5288.020  22.09363
5289.270  22.10762
5290.519  22.10721
5291.769  22.05776
5293.018  22.02972
5294.268  22.04624
5295.517  22.03662
5296.767  22.01672
5298.016  22.03038
5299.265  22.0216
5300.515  21.99459
5301.764  22.01123
5303.014  22.04863
5304.263  22.04238
5305.513  22.02823
5306.762  22.04664
5308.012  22.03903
5309.261  22.0203
5310.510  22.03104
5311.760  22.03786
5313.009  22.02974
5314.259  22.02275
5315.508  22.01465
5316.758  22.02048
5318.007  21.98742
5319.257  21.9747
5320.506  22.01936
5321.755  22.02656
5323.005  22.00277
5324.254  21.98241
5325.504  21.98338
5326.753  21.9897
5328.003  21.96281
5329.252  21.93692
5330.502  21.96136
5331.751  21.98816
5333.001  21.97948
5334.250  21.96257
5335.499  21.96491
5336.749  21.98643
5337.998  21.99578
5339.248  21.99854
5340.497  21.99452
5341.747  22.00431
5342.996  21.99671
5344.246  21.97014
5345.495  21.98637
5346.744  21.99567
5347.994  21.97168
5349.243  21.94521
5350.493  21.94502
5351.742  21.97111
5352.992  21.99067
5354.241  21.98954
5355.491  21.96817
5356.740  21.95308
5357.989  21.98133
5359.239  22.02744
5360.488  22.03142
5361.738  22.01551
5362.987  22.03807
5364.237  22.08036
5365.486  22.06343
5366.736  22.05143
5367.985  22.05605
5369.235  22.03843
5370.484  22.01893
5371.733  22.04499
5372.983  22.0586
5374.232  22.00328
5375.482  21.9527
5376.731  21.97621
5377.981  21.99807
5379.230  21.99667
5380.480  22.00898
5381.729  21.99919
5382.978  21.99516
5384.228  21.99136
5385.477  21.98813
5386.727  21.98477
5387.976  22.00827
5389.226  22.02188
5390.475  22.00741
5391.725  22.01744
5392.974  22.04456
5394.224  22.04237
5395.473  22.04012
5396.722  22.05635
5397.972  22.06982
5399.221  22.06611
5400.471  22.05293
5401.720  22.05339
5402.970  22.05403
5404.219  22.06039
5405.469  22.08005
5406.718  22.07761
5407.967  22.07706
5409.217  22.06982
5410.466  22.05069
5411.716  22.03296
5412.965  22.02188
5414.215  22.00503
5415.464  22.02768
5416.714  22.05134
5417.963  22.03138
5419.212  21.99892
5420.462  21.98902
5421.711  21.96823
5422.961  21.99035
5424.210  22.02992
5425.460  22.03667
5426.709  22.01032
5427.959  22.00071
5429.208  21.98988
5430.458  21.98314
5431.707  21.98626
5432.956  21.98584
5434.206  21.99186
5435.455  21.97577
5436.705  21.94877
5437.954  21.93239
5439.204  21.93391
5440.453  21.95809
5441.703  21.96674
5442.952  21.9614
5444.201  21.93709
5445.451  21.91916
5446.700  21.9412
5447.950  21.94538
5449.199  21.9459
5450.449  21.96101
5451.698  21.9506
5452.948  21.9235
5454.197  21.89178
5455.446  21.87481
5456.696  21.77623
5457.945  21.6063
5459.195  21.47458
5460.444  21.40785
5461.694  21.42809
5462.943  21.52745
5464.193  21.65407
5465.442  21.76836
5466.692  21.81166
5467.941  21.84692
5469.190  21.88509
5470.440  21.87973
5471.689  21.90281
5472.939  21.93684
5474.188  21.926
5475.438  21.93199
5476.687  21.9437
5477.937  21.94238
5479.186  21.92924
5480.435  21.88092
5481.685  21.84687
5482.934  21.83536
5484.184  21.83501
5485.433  21.85319
5486.683  21.87887
5487.932  21.87994
5489.182  21.87727
5490.431  21.88427
5491.680  21.88007
5492.930  21.87356
5494.179  21.90288
5495.429  21.92324
5496.678  21.88531
5497.928  21.84446
5499.177  21.8413
5500.427  21.85304
5501.676  21.8584
5502.926  21.86355
5504.175  21.85339
5505.424  21.84215
5506.674  21.86222
5507.923  21.87732
5509.173  21.87733
5510.422  21.86577
5511.672  21.83779
5512.921  21.8141
5514.171  21.79376
5515.420  21.75507
5516.669  21.77233
5517.919  21.81334
5519.168  21.81045
5520.418  21.8071
5521.667  21.80649
5522.917  21.81195
5524.166  21.80393
5525.416  21.79253
5526.665  21.80682
5527.915  21.81586
5529.164  21.81406
5530.413  21.81053
5531.663  21.7895
5532.912  21.76638
5534.162  21.76775
5535.411  21.77777
5536.661  21.78493
5537.910  21.77287
5539.160  21.73697
5540.409  21.68147
5541.658  21.62069
5542.908  21.58034
5544.157  21.57497
5545.407  21.58891
5546.656  21.61813
5547.906  21.65388
5549.155  21.70534
5550.405  21.75827
5551.654  21.76755
5552.903  21.74237
5554.153  21.73623
5555.402  21.76647
5556.652  21.7727
5557.901  21.72349
5559.151  21.68533
5560.400  21.66842
5561.650  21.62202
5562.899  21.56586
5564.149  21.55261
5565.398  21.57293
5566.647  21.5936
5567.897  21.58957
5569.146  21.46799
5570.396  21.09782
5571.645  20.41243
5572.895  19.50958
5574.144  18.66746
5575.394  18.11335
5576.643  17.86945
5577.892  17.87687
5579.142  18.14101
5580.391  18.72482
5581.641  19.59283
5582.890  20.51403
5584.140  21.19716
5585.389  21.51742
5586.639  21.59593
5587.888  21.60191
5589.137  21.59308
5590.387  21.61045
5591.636  21.66651
5592.886  21.70078
5594.135  21.69757
5595.385  21.67633
5596.634  21.65639
5597.884  21.65681
5599.133  21.66872
5600.383  21.65863
5601.632  21.62158
5602.881  21.59371
5604.131  21.57283
5605.380  21.56612
5606.630  21.58085
5607.879  21.61195
5609.129  21.66998
5610.378  21.71392
5611.628  21.71365
5612.877  21.70426
5614.126  21.69337
5615.376  21.67767
5616.625  21.6771
5617.875  21.67081
5619.124  21.64541
5620.374  21.60915
5621.623  21.57833
5622.873  21.58111
5624.122  21.59083
5625.372  21.59995
5626.621  21.63113
5627.870  21.65523
5629.120  21.6599
5630.369  21.68268
5631.619  21.70099
5632.868  21.68686
5634.118  21.67629
5635.367  21.6925
5636.617  21.69223
5637.866  21.66196
5639.115  21.63917
5640.365  21.61946
5641.614  21.58045
5642.864  21.55809
5644.113  21.55901
5645.363  21.56208
5646.612  21.55496
5647.862  21.54838
5649.111  21.56424
5650.360  21.59923
5651.610  21.60526
5652.859  21.60531
5654.109  21.61517
5655.358  21.6085
5656.608  21.60281
5657.857  21.57755
5659.107  21.56054
5660.356  21.57053
5661.606  21.57598
5662.855  21.56895
5664.104  21.54844
5665.354  21.51545
5666.603  21.49226
5667.853  21.4806
5669.102  21.43932
5670.352  21.41661
5671.601  21.42119
5672.851  21.40534
5674.100  21.40026
5675.349  21.40468
5676.599  21.3994
5677.848  21.3918
5679.098  21.37729
5680.347  21.34588
5681.597  21.28769
5682.846  21.23197
5684.096  21.19305
5685.345  21.16414
5686.594  21.13537
5687.844  21.12565
5689.093  21.13599
5690.343  21.1527
5691.592  21.18423
5692.842  21.21435
5694.091  21.24534
5695.341  21.27964
5696.590  21.31033
5697.840  21.33075
5699.089  21.3387
5700.338  21.35595
5701.588  21.38011
5702.837  21.39133
5704.087  21.39473
5705.336  21.40735
5706.586  21.433
5707.835  21.45086
5709.085  21.43564
5710.334  21.40757
5711.583  21.40466
5712.833  21.41313
5714.082  21.41593
5715.332  21.42587
5716.581  21.43383
5717.831  21.42079
5719.080  21.41658
5720.330  21.42811
5721.579  21.41761
5722.828  21.40429
5724.078  21.40889
5725.327  21.41208
5726.577  21.41105
5727.826  21.42343
5729.076  21.43734
5730.325  21.4516
5731.575  21.46743
5732.824  21.45867
5734.074  21.4484
5735.323  21.4712
5736.572  21.48545
5737.822  21.47089
5739.071  21.47338
5740.321  21.49184
5741.570  21.4845
5742.820  21.46032
5744.069  21.45359
5745.319  21.45744
5746.568  21.45574
5747.817  21.45894
5749.067  21.48424
5750.316  21.48732
5751.566  21.46817
5752.815  21.46797
5754.065  21.47988
5755.314  21.47672
5756.564  21.45891
5757.813  21.45652
5759.063  21.4454
5760.312  21.42618
5761.561  21.42924
5762.811  21.42539
5764.060  21.39746
5765.310  21.36659
5766.559  21.33923
5767.809  21.31363
5769.058  21.29877
5770.308  21.30833
5771.557  21.33643
5772.806  21.36661
5774.056  21.39967
5775.305  21.43627
5776.555  21.44549
5777.804  21.42726
5779.054  21.41723
5780.303  21.4132
5781.553  21.41679
5782.802  21.42599
5784.051  21.42116
5785.301  21.40866
5786.550  21.38276
5787.800  21.33501
5789.049  21.30865
5790.299  21.32355
5791.548  21.32826
5792.798  21.31164
5794.047  21.33539
5795.297  21.3919
5796.546  21.4037
5797.795  21.38318
5799.045  21.38148
5800.294  21.38403
5801.544  21.38144
5802.793  21.37848
5804.043  21.36912
5805.292  21.3592
5806.542  21.35312
5807.791  21.34793
5809.040  21.3369
5810.290  21.32584
5811.539  21.32731
5812.789  21.34834
5814.038  21.37012
5815.288  21.36969
5816.537  21.35107
5817.787  21.32749
5819.036  21.3225
5820.285  21.3254
5821.535  21.32232
5822.784  21.33267
5824.034  21.3368
5825.283  21.31751
5826.533  21.30831
5827.782  21.31668
5829.032  21.31902
5830.281  21.30974
5831.531  21.2923
5832.780  21.28033
5834.029  21.28786
5835.279  21.2932
5836.528  21.29402
5837.778  21.31088
5839.027  21.31554
5840.277  21.29665
5841.526  21.29022
5842.776  21.28689
5844.025  21.27872
5845.274  21.27797
5846.524  21.27992
5847.773  21.28816
5849.023  21.29373
5850.272  21.28299
5851.522  21.26484
5852.771  21.261
5854.021  21.27153
5855.270  21.27816
5856.520  21.28249
5857.769  21.2809
5859.018  21.25424
5860.268  21.21395
5861.517  21.16422
5862.767  21.08053
5864.016  20.96777
5865.266  20.86351
5866.515  20.80719
5867.765  20.81543
5869.014  20.87449
5870.263  20.95469
5871.513  21.02492
5872.762  21.07055
5874.012  21.09957
5875.261  21.13475
5876.511  21.16639
5877.760  21.1895
5879.010  21.19854
5880.259  21.18764
5881.508  21.15166
5882.758  21.00974
5884.007  20.65616
5885.257  20.08837
5886.506  19.46363
5887.756  18.98685
5889.005  18.738
5890.255  18.67595
5891.504  18.73675
5892.754  18.86447
5894.003  18.99373
5895.252  19.09031
5896.502  19.21558
5897.751  19.47623
5899.001  19.90373
5900.250  20.40461
5901.500  20.81347
5902.749  21.01688
5903.999  21.05485
5905.248  21.05023
5906.497  21.04803
5907.747  21.04739
5908.996  21.05612
5910.246  21.05668
5911.495  21.02229
5912.745  20.95058
5913.994  20.88007
5915.244  20.83907
5916.493  20.85216
5917.742  20.92698
5918.992  21.01159
5920.241  21.06302
5921.491  21.06174
5922.740  21.01343
5923.990  20.96759
5925.239  20.96255
5926.489  20.97829
5927.738  20.97948
5928.988  20.93994
5930.237  20.86316
5931.486  20.79622
5932.736  20.76848
5933.985  20.7912
5935.235  20.86662
5936.484  20.97419
5937.734  21.06353
5938.983  21.10366
5940.233  21.11738
5941.482  21.10434
5942.731  21.06453
5943.981  21.02037
5945.230  20.98847
5946.480  20.99021
5947.729  20.99625
5948.979  20.97698
5950.228  20.93331
5951.478  20.86533
5952.727  20.81354
5953.976  20.80826
5955.226  20.84764
5956.475  20.92934
5957.725  21.02133
5958.974  21.07594
5960.224  21.0918
5961.473  21.09686
5962.723  21.09734
5963.972  21.08934
5965.222  21.08371
5966.471  21.08083
5967.720  21.05971
5968.970  21.02932
5970.219  21.01533
5971.469  21.01081
5972.718  20.99552
5973.968  20.97288
5975.217  20.94689
5976.467  20.91493
5977.716  20.90962
5978.965  20.95582
5980.215  21.01742
5981.464  21.07463
5982.714  21.11942
5983.963  21.13631
5985.213  21.14975
5986.462  21.15541
5987.712  21.1455
5988.961  21.14787
5990.211  21.15193
5991.460  21.15107
5992.709  21.16022
5993.959  21.15362
5995.208  21.12982
5996.458  21.12054
5997.707  21.11466
5998.957  21.10058
6000.206  21.09224
6001.456  21.09205
6002.705  21.08904
6003.954  21.08661
6005.204  21.10056
6006.453  21.13132
6007.703  21.17562
6008.952  21.21313
6010.202  21.22595
6011.451  21.23348
6012.701  21.24897
6013.950  21.25268
6015.199  21.25089
6016.449  21.26222
6017.698  21.27346
6018.948  21.28441
6020.197  21.29509
6021.447  21.28352
6022.696  21.26245
6023.946  21.25531
6025.195  21.24844
6026.445  21.25334
6027.694  21.25668
6028.943  21.24904
6030.193  21.24688
6031.442  21.23979
6032.692  21.23576
6033.941  21.24593
6035.191  21.25352
6036.440  21.25933
6037.690  21.28864
6038.939  21.3193
6040.188  21.33308
6041.438  21.33017
6042.687  21.32341
6043.937  21.33
6045.186  21.34377
6046.436  21.34301
6047.685  21.3348
6048.935  21.34631
6050.184  21.36252
6051.433  21.3681
6052.683  21.35893
6053.932  21.348
6055.182  21.33933
6056.431  21.34105
6057.681  21.3509
6058.930  21.34121
6060.180  21.32784
6061.429  21.33709
6062.679  21.34025
6063.928  21.33954
6065.177  21.34031
6066.427  21.33521
6067.676  21.34185
6068.926  21.35686
6070.175  21.36693
6071.425  21.3687
6072.674  21.39094
6073.924  21.41612
6075.173  21.41397
6076.422  21.39837
6077.672  21.39986
6078.921  21.40238
6080.171  21.40232
6081.420  21.41626
6082.670  21.42065
6083.919  21.42553
6085.169  21.43268
6086.418  21.42406
6087.668  21.415
6088.917  21.3996
6090.166  21.38976
6091.416  21.39353
6092.665  21.39404
6093.915  21.37943
6095.164  21.35543
6096.414  21.34727
6097.663  21.36384
6098.913  21.37864
6100.162  21.37105
6101.411  21.34949
6102.661  21.32364
6103.910  21.32771
6105.160  21.3432
6106.409  21.35474
6107.659  21.36423
6108.908  21.37493
6110.158  21.39195
6111.407  21.39622
6112.656  21.39407
6113.906  21.40738
6115.155  21.42216
6116.405  21.43092
6117.654  21.43908
6118.904  21.4448
6120.153  21.44515
6121.403  21.45145
6122.652  21.46691
6123.902  21.46522
6125.151  21.46605
6126.400  21.48218
6127.650  21.49359
6128.899  21.48728
6130.149  21.4679
6131.398  21.44579
6132.648  21.43029
6133.897  21.41748
6135.147  21.394
6136.396  21.36505
6137.645  21.33441
6138.895  21.30442
6140.144  21.28687
6141.394  21.27894
6142.643  21.2725
6143.893  21.27664
6145.142  21.30975
6146.392  21.35159
6147.641  21.38565
6148.890  21.40809
6150.140  21.40418
6151.389  21.38236
6152.639  21.36786
6153.888  21.37175
6155.138  21.37832
6156.387  21.36942
6157.637  21.35793
6158.886  21.35322
6160.136  21.33947
6161.385  21.3381
6162.634  21.36766
6163.884  21.39839
6165.133  21.40698
6166.383  21.38969
6167.632  21.35182
6168.882  21.2975
6170.131  21.24978
6171.381  21.25162
6172.630  21.29272
6173.879  21.32461
6175.129  21.35843
6176.378  21.39559
6177.628  21.40384
6178.877  21.41286
6180.127  21.43126
6181.376  21.43147
6182.626  21.4283
6183.875  21.43452
6185.125  21.42713
6186.374  21.43342
6187.623  21.45838
6188.873  21.4627
6190.122  21.42941
6191.372  21.41503
6192.621  21.42131
6193.871  21.42614
6195.120  21.44306
6196.370  21.45485
6197.619  21.43834
6198.868  21.41122
6200.118  21.35179
6201.367  21.2939
6202.617  21.27145
6203.866  21.28731
6205.116  21.34674
6206.365  21.40079
6207.615  21.42429
6208.864  21.43167
6210.113  21.42819
6211.363  21.41244
6212.612  21.3917
6213.862  21.3967
6215.111  21.41288
6216.361  21.41896
6217.610  21.385
6218.860  21.31129
6220.109  21.24762
6221.359  21.2275
6222.608  21.26195
6223.857  21.3102
6225.107  21.38001
6226.356  21.4461
6227.606  21.45194
6228.855  21.39761
6230.105  21.27464
6231.354  21.08938
6232.604  20.87261
6233.853  20.67728
6235.102  20.55607
6236.352  20.54067
6237.601  20.61233
6238.851  20.73119
6240.100  20.86462
6241.350  20.96903
6242.599  21.02509
6243.849  21.07582
6245.098  21.17476
6246.347  21.25432
6247.597  21.30577
6248.846  21.35562
6250.096  21.36837
6251.345  21.3539
6252.595  21.28918
6253.844  21.12838
6255.094  20.93565
6256.343  20.77212
6257.593  20.67941
6258.842  20.69613
6260.091  20.80531
6261.341  20.93172
6262.590  21.01205
6263.840  21.04109
6265.089  21.04786
6266.339  21.06852
6267.588  21.13185
6268.838  21.21008
6270.087  21.2694
6271.336  21.30831
6272.586  21.30552
6273.835  21.27235
6275.085  21.23631
6276.334  21.21697
6277.584  21.24369
6278.833  21.28733
6280.083  21.31362
6281.332  21.31752
6282.581  21.26342
6283.831  21.12033
6285.080  20.93714
6286.330  20.8031
6287.579  20.77734
6288.829  20.84606
6290.078  20.98017
6291.328  21.11747
6292.577  21.13744
6293.827  20.9233
6295.076  20.45637
6296.325  19.87956
6297.575  19.3918
6298.824  19.09254
6300.074  18.99053
6301.323  19.08389
6302.573  19.37199
6303.822  19.79177
6305.072  20.1999
6306.321  20.47156
6307.570  20.62755
6308.820  20.78756
6310.069  20.99028
6311.319  21.18987
6312.568  21.33244
6313.818  21.38625
6315.067  21.38837
6316.317  21.36769
6317.566  21.28584
6318.816  21.16717
6320.065  21.0877
6321.314  21.05779
6322.564  21.08666
6323.813  21.22652
6325.063  21.18237
6326.312  20.85378
6327.562  20.68994
6328.811  20.72186
6330.061  20.7461
6331.310  20.82537
6332.559  20.98325
6333.809  21.19179
6335.058  21.40376
6336.308  21.438
6337.557  21.32337
6338.807  21.34281
6340.056  21.39816
6341.306  21.38769
6342.555  21.35145
6343.804  21.2983
6345.054  21.24231
6346.303  21.20032
6347.553  21.17913
6348.802  21.17881
6350.052  21.16989
6351.301  21.14034
6352.551  21.10194
6353.800  21.02699
6355.050  20.94003
6356.299  20.88344
6357.548  20.81774
6358.798  20.67934
6360.047  20.45233
6361.297  20.19456
6362.546  19.99948
6363.796  19.93983
6365.045  20.05345
6366.295  20.34581
6367.544  20.74516
6368.793  21.10525
6370.043  21.33316
6371.292  21.4274
6372.542  21.45376
6373.791  21.44802
6375.041  21.39801
6376.290  21.33962
6377.540  21.30886
6378.789  21.27949
6380.038  21.26389
6381.288  21.27203
6382.537  21.25405
6383.787  21.18608
6385.036  21.13808
6386.286  21.13825
6387.535  21.17665
6388.785  21.25139
6390.034  21.35741
6391.284  21.4342
6392.533  21.47397
6393.782  21.49441
6395.032  21.49955
6396.281  21.49782
6397.531  21.49643
6398.780  21.49765
6400.030  21.489
6401.279  21.49576
6402.529  21.49213
6403.778  21.47477
6405.027  21.48264
6406.277  21.50128
6407.526  21.51558
6408.776  21.50841
6410.025  21.494
6411.275  21.46818
6412.524  21.42584
6413.774  21.39727
6415.023  21.40686
6416.273  21.40862
6417.522  21.37815
6418.771  21.3554
6420.021  21.35623
6421.270  21.37153
6422.520  21.40466
6423.769  21.44856
6425.019  21.50567
6426.268  21.51759
6427.518  21.51257
6428.767  21.54053
6430.016  21.57325
6431.266  21.56471
6432.515  21.55192
6433.765  21.5462
6435.014  21.52035
6436.264  21.5248
6437.513  21.59086
6438.763  21.635
6440.012  21.61068
6441.261  21.57905
6442.511  21.58889
6443.760  21.60409
6445.010  21.58432
6446.259  21.53174
6447.509  21.50214
6448.758  21.50777
6450.008  21.49072
6451.257  21.44919
6452.507  21.43184
6453.756  21.44891
6455.005  21.47357
6456.255  21.47219
6457.504  21.43642
6458.754  21.39909
6460.003  21.34634
6461.253  21.23592
6462.502  21.07032
6463.752  20.92899
6465.001  20.86133
6466.250  20.83909
6467.500  20.84744
6468.749  20.88783
6469.999  20.93873
6471.248  20.99446
6472.498  21.07899
6473.747  21.20735
6474.997  21.32555
6476.246  21.37173
6477.495  21.37985
6478.745  21.40112
6479.994  21.44411
6481.244  21.5072
6482.493  21.5893
6483.743  21.64155
6484.992  21.64901
6486.242  21.64052
6487.491  21.62047
6488.741  21.62171
6489.990  21.63232
6491.239  21.61467
6492.489  21.55721
6493.738  21.41752
6494.988  21.17981
6496.237  20.92506
6497.487  20.75401
6498.736  20.70005
6499.986  20.74605
6501.235  20.85104
6502.484  20.97432
6503.734  21.08665
6504.983  21.15504
6506.233  21.20902
6507.482  21.31955
6508.732  21.45139
6509.981  21.54218
6511.231  21.57467
6512.480  21.56864
6513.729  21.54785
6514.979  21.51988
6516.228  21.53124
6517.478  21.55334
6518.727  21.53117
6519.977  21.44047
6521.226  21.31878
6522.476  21.2685
6523.725  21.29825
6524.975  21.35695
6526.224  21.42094
6527.473  21.45019
6528.723  21.35813
6529.972  21.16442
6531.222  20.96284
6532.471  20.86044
6533.721  20.874
6534.970  20.98716
6536.220  21.17012
6537.469  21.33954
6538.718  21.42075
6539.968  21.3797
6541.217  21.27526
6542.467  21.19006
6543.716  21.16162
6544.966  21.1945
6546.215  21.26376
6547.465  21.32181
6548.714  21.30704
6549.964  21.15068
6551.213  20.93464
6552.462  20.78422
6553.712  20.75212
6554.961  20.82901
6556.211  21.00287
6557.460  21.18915
6558.710  21.2472
6559.959  21.18016
6561.209  21.05141
6562.458  20.98825
6563.707  21.02437
6564.957  21.08433
6566.206  21.13655
6567.456  21.16722
6568.705  21.18987
6569.955  21.20834
6571.204  21.2503
6572.454  21.26719
6573.703  21.18717
6574.952  21.04578
6576.202  20.90779
6577.451  20.8317
6578.701  20.87089
6579.950  21.04028
6581.200  21.237
6582.449  21.37459
6583.699  21.44541
6584.948  21.48363
6586.198  21.5401
6587.447  21.57543
6588.696  21.58094
6589.946  21.58912
6591.195  21.59933
6592.445  21.54357
6593.694  21.43069
6594.944  21.34352
6596.193  21.3178
6597.443  21.32582
6598.692  21.32812
6599.941  21.3116
6601.191  21.25931
6602.440  21.17762
6603.690  21.10685
6604.939  21.08957
6606.189  21.16032
6607.438  21.30815
6608.688  21.46514
6609.937  21.57489
6611.186  21.60236
6612.436  21.54674
6613.685  21.53364
6614.935  21.58178
6616.184  21.58694
6617.434  21.59752
6618.683  21.61759
6619.933  21.58949
6621.182  21.57926
6622.432  21.58788
6623.681  21.57577
6624.930  21.53192
6626.180  21.45071
6627.429  21.39262
6628.679  21.39787
6629.928  21.4203
6631.178  21.37682
6632.427  21.31664
6633.677  21.30842
6634.926  21.30453
6636.175  21.32795
6637.425  21.41252
6638.674  21.48568
6639.924  21.53936
6641.173  21.57183
6642.423  21.58089
6643.672  21.58517
6644.922  21.59421
6646.171  21.60601
6647.421  21.59071
6648.670  21.56167
6649.919  21.53204
6651.169  21.52286
6652.418  21.5327
6653.668  21.55639
6654.917  21.59267
6656.167  21.59057
6657.416  21.57015
6658.666  21.57722
6659.915  21.58575
6661.164  21.542
6662.414  21.49144
6663.663  21.47936
6664.913  21.45867
6666.162  21.43191
6667.412  21.42652
6668.661  21.43819
6669.911  21.45806
6671.160  21.51291
6672.409  21.56798
6673.659  21.57782
6674.908  21.56757
6676.158  21.57779
6677.407  21.56828
6678.657  21.5502
6679.906  21.56449
6681.156  21.57412
6682.405  21.55692
6683.655  21.5306
6684.904  21.5381
6686.153  21.54062
6687.403  21.52562
6688.652  21.54012
6689.902  21.54875
6691.151  21.53744
6692.401  21.5745
6693.650  21.59783
6694.900  21.56418
6696.149  21.52706
6697.398  21.48627
6698.648  21.44026
6699.897  21.43365
6701.147  21.44817
6702.396  21.45194
6703.646  21.46405
6704.895  21.4697
6706.145  21.43768
6707.394  21.40638
6708.643  21.43273
6709.893  21.50383
6711.142  21.53228
6712.392  21.49914
6713.641  21.46535
6714.891  21.44045
6716.140  21.43657
6717.390  21.41579
6718.639  21.41914
6719.889  21.4954
6721.138  21.55834
6722.387  21.49211
6723.637  21.42006
6724.886  21.44601
